1
4304
4516
7281
2751
2239
3878
2364
3216
7851
2723
6665
11316
7782
4633
6531
9521
9828
2446
6
8020
2694
5537
3520
8020
6
7197
2593
547
1367
2593
547
3723
2446
6049
3459
668
94
4657
7992
8065
2418
4756
7905
8065
7132
4657
94
7955
3548
10283
423
8084
3106
2856
1917
9493
872
5186
2261
2194
5654
2616
2261
2194
510
8302
3051
4610
5786
5732
6607
8438
10292
8586
6918
2616
2261
2194
510
4610
5786
5732
10279
10345
4253
1024
4465
7643
10961
1351
5423
6501
9347
5899
9824
5001
1816
6229
5250
2562
44
3122
5159
7545
1349
2546
3922
300
4965
2668
8149
7452
6112
2175
10177
9490
6134
10034
8022
8089
8337
5400
1049
1831
8650
6616
7824
9633
1220
8089
8337
5400
8022
10034
2609
8649
7441
9437
847
5200
847
6345
6824
361
10148
7304
6134
9490
8198
1049
1831
480
1831
8650
9633
8337
5400
1049
1831
480
2148
6616
7824
9633
8337
5400
1049
1831
480
2148
3731
2363
7419
3731
4206
3463
10504
7916
11230
9322
3437
3814
282
6547
546
2450
8945
10594
2865
4150
2450
9455
2429
10867
7176
8945
2865
229
9193
2340
5874
10664
2896
6058
10315
4150
2450
9455
632
6547
8032
2820
7941
4684
5210
7021
8823
1250
3213
7604
3598
6156
1331
11138
8663
6655
4458
4231
4087
10535
2365
1837
6886
2016
10942
4453
641
6599
6166
1409
5762
10303
2717
862
2138
3373
2854
6296
7022
6296
9082
6104
3373
2138
1580
3816
5243
907
3864
3219
5444
3416
3622
4471
921
9626
3589
2975
4254
2749
10474
10942
7540
4139
3931
2553
11019
3931
2016
10942
4453
2749
10474
3589
5949
7931
959
9420
6019
8255
3254
7931
959
2575
1005
3844
11151
10022
9920
10344
1121
1529
8972
2532
6143
3395
11076
6413
3746
4710
4409
3844
2014
8204
6024
6619
3999
6619
8204
2014
386
9122
7431
9249
955
9856
688
10087
3137
2894
5841
6382
5280
86
9024
6878
3538
6532
4129
6482
3282
6630
10326
743
6191
6260
10627
9153
6195
8448
4418
10017
7733
5461
7559
8229
3962
3145
5513
1364
7095
8386
4464
2314
1389
9220
2920
9182
1991
7063
5841
2894
3137
3012
11027
86
11231
11027
3012
10087
11160
4783
1991
7063
10843
6382
5280
86
9024
3738
8700
9024
5280
86
9024
3738
6307
1632
10921
10494
4019
7518
11003
8854
7022
6296
2854
3373
2138
862
6809
3816
5243
907
6104
1580
6104
9082
3864
907
6104
3373
2138
862
6809
2717
10303
5762
1409
6166
1254
4960
7540
4139
3931
2553
5747
7221
6245
3901
8832
10811
6886
2016
10942
4453
641
4254
2749
4453
641
6599
1254
2993
8354
4758
1409
6166
1254
4960
641
6599
1254
4960
7540
4139
3931
11019
5747
11019
3931
2016
10942
4453
641
4254
2749
10474
3589
2975
6599
1254
2993
8354
4721
10107
4565
5723
3416
3622
4471
921
10107
4565
7033
4758
1409
6166
1254
4960
641
4254
2749
10474
3589
5949
5371
8387
10883
8236
9174
1030
3332
3150
9829
710
4624
6711
4387
10416
1030
9174
8236
7341
10493
2014
386
3674
5949
7931
959
2575
9420
6019
10535
2365
933
8832
10811
6886
2016
10942
4453
641
6599
1254
2993
8354
4721
7033
4758
1409
6166
1254
2993
8354
4721
9626
4648
4960
641
6599
6166
1409
5762
10303
2717
862
2138
3373
2854
6296
7022
8854
905
4377
9987
5873
1610
4528
7086
2825
5715
7086
2825
10943
4750
10893
5873
1610
5729
8515
11267
7670
10212
9680
551
9161
495
6714
10888
2458
7505
8584
5446
8461
225
8889
8108
6981
5578
2379
4326
8536
6332
3581
8189
7658
7333
6777
1119
6331
5330
366
3121
10611
4713
7513
8590
1140
7347
9243
10611
8590
1140
7347
9243
3806
1294
7060
10055
2655
2408
8757
4977
3121
6240
877
10055
2655
2408
2260
1219
3538
6532
5807
1219
5807
4306
1612
4129
6482
4994
6819
10144
10017
7733
5461
7559
8229
3962
3145
9409
9029
10432
9409
9029
1743
3145
519
3329
4734
1364
7095
8386
501
4464
2314
1389
4305
10666
9820
6528
5474
6283
6279
2920
5198
2850
10539
10998
10539
2224
2396
56
7283
7295
56
5741
1990
5613
7228
7222
7731
8776
10957
7203
5585
8678
9113
7375
5585
7203
8434
10957
7644
7203
10957
8776
11314
5172
9113
7375
1117
4125
8871
3699
7375
8893
1775
7431
9249
955
9856
688
10087
3137
2894
5841
7063
10432
7063
10843
693
10875
7726
9900
700
6002
2211
4519
10335
693
10875
2066
370
3962
8229
3661
7559
5461
10951
3166
8448
7093
9016
7721
3479
8212
8513
3479
8212
8513
438
2858
11088
10125
4273
3708
6121
2327
681
5726
3708
5345
730
2327
681
4016
6074
5726
681
2327
6121
730
1517
7339
4002
6618
7642
3952
6637
7029
10142
501
2971
5857
8378
6924
4838
8378
6924
4174
7800
4691
10112
4838
10112
4691
7800
10678
7800
7029
4174
2022
8223
4002
1713
8657
8594
9894
7374
5358
2391
9894
7374
5358
10061
10632
5358
10061
4883
6625
10010
393
1000
7228
7222
3021
779
7751
10712
11180
6758
2297
1957
7477
9376
9574
2
2590
8695
7460
4992
6810
11311
563
3198
5013
3813
3767
3813
960
8918
6086
3429
1087
1782
3984
10632
10852
3126
1782
3984
10632
6073
937
1966
10852
10632
10061
4883
7283
4883
7514
9647
8792
6283
6279
436
5198
2850
10539
3863
1579
7429
8642
8125
11160
4783
7952
1691
7429
8642
8125
955
9249
7431
9122
3981
4125
8871
3699
5769
6024
5769
8321
1157
3021
779
22
10978
4498
5598
9049
1729
9829
3150
6711
4387
7384
6205
11076
6413
4569
7002
3395
11076
6413
4569
1121
1529
8972
7002
3395
11076
6413
3746
10344
1121
1529
8972
2532
6143
5371
10493
7341
1157
3021
779
7751
10712
6751
3170
2295
8720
11289
235
5334
9615
3241
5583
4624
6711
3150
9829
710
10542
5636
6228
3174
10978
4498
7341
8321
7341
8236
6474
9049
3332
3150
9829
710
10542
5636
6228
3174
10978
4498
5598
6474
9049
1729
3193
5627
6228
3174
10978
4498
5598
9049
1729
3193
2481
4830
9615
3241
5583
8299
4231
4710
4409
3844
11151
2532
6143
5371
10493
2014
3844
11151
10022
1529
8972
2532
6143
5371
10493
2014
3844
11151
10022
9920
4409
4710
4231
4458
5131
9273
4045
2481
4830
5627
6228
3174
22
779
7751
10712
11180
30
4860
1657
6346
1406
10006
8049
3290
8918
6086
4964
2756
9086
5013
8151
4534
7276
1725
3973
11082
1145
3196
6643
1274
7630
10145
2892
2185
1278
6958
2980
9795
7445
3104
1904
6130
2720
8933
384
4963
113
4162
843
3667
9320
885
6353
8864
3308
6021
4064
9613
10567
6864
4737
4597
5149
10797
1875
10950
2860
4205
2860
8623
3748
10669
4898
1846
4227
1569
5563
3056
6778
8947
7109
6784
7218
4381
11028
1252
2950
5761
7353
1380
11299
2232
3047
4654
838
4611
9693
2716
3958
6861
10624
4343
3847
741
10327
4508
2205
11025
7997
4621
10327
4508
2205
1050
10527
2205
1050
10527
3519
4508
7997
11025
6817
2288
9235
4268
239
2358
10637
749
8111
6212
10557
8293
8717
10415
3357
689
9433
9439
8293
8717
6564
2853
9597
4161
9103
10642
9208
1651
5338
4267
7444
2125
1470
10950
8507
7833
328
10320
810
803
3273
7325
1214
3546
5972
7964
1456
1983
6067
8076
1849
1617
6859
537
8076
1849
7325
1214
3546
4103
3484
6080
6372
9763
8676
8508
5227
8609
9549
4162
843
8772
113
4963
10397
9549
10397
6088
3001
11269
1877
4904
4559
8502
3089
404
10115
560
751
8320
10115
1133
7862
4172
3098
203
7862
4172
5914
8744
3894
6441
8744
4915
7242
10747
1196
2156
6093
7796
2156
4217
5711
4198
1553
1954
1983
1456
4198
6894
3898
175
7622
5075
11147
7622
5075
5188
6349
4915
8744
1133
7862
4172
1628
5914
8744
3894
9852
6575
6334
3633
419
5562
10750
2145
10742
4316
6053
983
8317
715
3637
8984
1805
6685
8570
2979
589
9825
8570
6874
1980
405
2979
589
3568
7211
2097
10628
3296
10655
10427
8549
8024
2600
10793
1370
11033
6257
5648
10411
6123
6257
6123
10411
9715
5574
5933
4435
3177
6866
5942
11329
4600
8135
2097
10628
3638
2600
7492
10721
6866
11021
1404
7531
476
10765
3917
6253
7305
10016
7205
10923
1149
6028
9040
7798
11329
5942
9338
4600
8135
2097
10628
3638
9338
5942
6866
3177
4031
1404
11021
7798
11021
1404
7531
1552
7616
6028
7616
7205
10923
7171
4524
8128
10923
8128
1437
7305
10016
1552
7531
476
10765
5933
4435
8920
2600
4493
9778
3953
575
504
3527
7719
7910
3527
7719
1370
2558
11341
1415
5109
6944
3265
9703
11286
3315
7922
7287
205
10038
7421
4768
6944
5109
897
7811
216
5366
6957
3567
23
7939
9562
7345
504
3527
7719
7910
4493
9778
3953
3486
1387
8574
4171
6175
2710
1656
9778
3953
3486
575
3953
3486
1387
9256
7181
3175
1408
3955
2452
8815
4800
7432
10121
308
3296
8024
3638
2600
7492
3177
4435
10411
5648
9037
8920
2600
10793
6257
6123
10411
4435
3177
4031
476
10765
3917
5574
5933
4435
3177
6866
10721
9338
4600
8135
2097
7211
3568
55
2696
8773
9442
3568
7211
2097
10628
3296
10655
10427
4492
6068
2648
2600
10793
1370
2558
9562
6652
7345
9256
1740
8048
759
8815
2452
297
4800
10953
8195
3105
8708
2817
8123
2900
1455
9250
8123
387
8798
7988
1385
262
10243
5072
5778
2817
8123
2900
7988
5396
2407
1455
2377
1776
9507
8748
9250
1455
2407
8811
1776
8195
5116
4831
4379
7602
9892
8811
5116
3175
1408
297
4800
10953
5276
8646
4084
9263
7650
11155
1312
8252
2685
1419
2484
9569
4731
931
9942
4635
127
931
4731
8252
1312
9736
2965
3295
3625
2208
1836
4503
9059
6624
4107
7845
9302
9716
4503
1312
8252
4731
9942
5005
4738
202
8252
2685
5009
3712
3856
9560
9568
2527
9598
6053
4316
3344
7365
5562
11062
10750
10742
7365
419
3633
6662
6334
6575
4018
6550
10890
9370
8177
8228
8232
1255
9871
2198
1884
4547
10321
10136
1262
4035
4953
10991
1523
4277
6849
10321
10136
10763
1262
4035
961
10981
10991
8485
3207
6062
1002
2143
1766
3120
8991
9362
1523
10050
3120
8991
1790
9362
1523
10050
1212
6451
442
7306
8517
2911
5751
2311
4572
1025
1453
3067
271
4163
6244
1440
5493
7007
8338
7832
2233
1548
4647
1128
2003
4773
9164
1166
11266
303
8338
7832
6167
5320
857
4647
1128
10054
2604
6994
8168
7735
10240
6911
1449
4339
4221
4491
651
5065
182
10786
273
5215
10240
5215
6994
8168
3149
11105
1822
5281
9
9661
3399
8154
10351
627
5235
9837
1378
9661
3399
9205
5903
6769
2036
6980
2387
11121
8978
10590
8154
3399
9205
5903
6769
2036
10780
7536
4235
10225
6832
1570
4949
9478
6100
8141
8853
1065
7637
4481
9189
10497
6287
9642
10841
3877
9189
10497
6287
9642
54
4941
2781
5111
9141
10150
9067
719
10860
5419
8279
5193
5940
8773
9442
4550
6874
1980
9719
1750
4144
2843
9884
1149
8134
3108
9040
6028
1149
9884
7171
3956
5203
7008
4144
2843
8134
2843
9884
7171
3956
9884
7171
3956
5203
2382
7801
4524
7171
3956
5203
7008
1012
6892
3248
1189
2276
2382
7801
5410
4524
7171
3956
5203
7008
4144
1750
10437
228
4241
9290
11170
2843
9884
7171
3956
5203
7008
4144
1750
10437
9290
11170
3108
8134
2843
9884
7171
3956
5203
2382
2276
6015
5989
4688
8371
3197
5410
4524
7171
3956
5203
7008
4144
1750
10437
228
1980
405
10042
4241
10042
405
2979
589
9825
9355
715
8984
1805
5969
10805
6685
9355
1589
8611
61
2527
6225
9598
6053
4316
3344
6662
3633
6334
6575
4018
9370
5042
119
8083
8232
2473
9085
8228
2473
9085
9342
10110
1519
9418
2722
2496
2000
7783
4547
3658
8441
8767
9206
3200
7430
4564
9206
3200
7430
4564
264
7502
2301
7087
10890
6550
3557
9565
2816
1213
3736
8279
5698
8831
3736
8279
5698
8831
6364
1213
7430
4564
264
7502
2301
7087
5042
119
9100
7502
2301
7087
5042
119
9100
649
264
7502
2301
7087
5042
119
9100
649
8083
9871
6433
3658
5467
3617
10763
10136
1262
4035
4953
10991
8485
1002
8485
3207
5373
7660
11318
5065
182
10786
5215
6994
8168
4004
1051
8846
6582
9617
10272
2003
4773
9164
1166
5493
1440
5720
2262
6074
2262
5720
1440
8948
10650
6610
937
6073
1713
8657
8594
6618
7642
3952
2314
1389
4305
7642
3952
2314
1389
4305
10666
9820
9894
7374
5358
2391
6528
5474
10666
9820
9894
7374
5358
10061
10632
10852
1966
6887
6610
4606
2184
10297
10533
1151
9555
2841
1851
2745
255
2184
10297
10533
6887
1966
10852
10632
10061
6625
10010
393
8117
3984
6625
10061
4883
7283
56
5741
1990
2396
56
5741
1990
5613
7228
7222
7731
11314
5172
8321
1157
3021
779
7751
8720
11289
7969
10714
2822
2482
5334
9615
3241
9075
3809
945
9203
6673
10384
3745
10603
8592
373
10134
5620
161
1981
564
10996
945
2822
10714
2295
8720
6751
3170
9860
4521
8532
6751
3170
9860
9264
10820
2822
10714
9264
10714
235
5334
9615
3241
9075
3809
945
9203
161
6673
3745
10603
8592
1913
965
8214
373
10134
10603
8592
1913
965
1394
6325
4705
4369
322
3303
2862
10040
10119
606
9008
1626
10548
5004
7350
4925
8592
1913
965
8214
248
1394
9008
1394
6325
10459
4319
1544
6493
3299
5059
5093
9436
10029
5360
7473
1479
10567
1479
4309
9436
5093
10567
6864
4737
4597
3361
6864
4737
4597
3361
5108
10567
1479
4309
10029
5360
9333
3748
8623
2860
10950
1875
6139
2160
5545
9333
3748
10669
4898
1846
4227
1569
6907
979
4227
1569
5563
6907
979
9444
7476
3899
4205
4651
2125
7444
4267
10642
9208
10045
207
10740
2361
9103
10642
9208
10045
4001
6503
11013
1861
7278
1553
1954
11013
7835
7598
6067
1983
1456
7964
4801
3539
1196
10747
7796
6093
4131
2948
10747
2025
8320
751
4694
2641
1196
10747
2025
1133
7862
4172
3098
203
1429
404
2123
6026
463
8994
121
6921
8477
8994
121
883
10635
3810
2234
4653
7640
1429
203
952
5475
1282
4303
3097
728
3730
6823
4303
11178
5475
10965
7640
2123
463
404
6026
463
8994
121
6921
883
6921
8477
10635
3810
3287
6451
1212
8710
804
402
728
402
2000
8324
9733
2496
2000
10050
3120
1766
3494
8485
3207
6062
9446
3983
6628
4223
9303
6628
4223
1939
6912
7564
5024
4573
6912
7564
5024
2911
4820
7674
2197
4331
6794
10145
2892
9712
7585
9918
4904
9763
4904
4559
8477
3302
5448
3810
4653
7640
10965
11315
2234
11315
6199
3287
6451
442
8517
7017
7674
2197
4331
6794
10145
7630
2185
11269
9712
7585
9918
3302
5448
8474
10937
442
1766
3494
1790
9362
1523
4277
7783
8324
9733
105
2198
1884
4547
10321
10136
1262
4035
4953
10991
8485
3207
5373
1872
4790
5020
11288
5798
3280
2915
5373
1872
2397
4431
528
3510
5020
11288
5798
4035
4953
10991
1523
4277
7783
8324
9733
105
1255
9342
8205
3098
203
952
10965
11315
6823
3730
6199
11315
11178
5475
1282
9418
3098
203
1429
404
10115
5908
11259
3539
1196
2156
6093
11147
5711
4198
6894
3898
175
10049
6816
7779
3887
4091
10190
3048
6170
11287
4357
2357
5163
3686
3672
9364
3161
2357
5163
3672
890
9364
3161
3380
4896
5228
285
645
4715
2876
5075
5188
6349
6441
4715
2876
645
285
5228
9950
3633
6334
6575
4018
9370
8177
3894
9852
2782
8520
645
285
5228
11062
10750
2145
3637
8984
1805
6685
9355
1805
5969
6880
10805
3934
11095
7498
9685
2863
10070
5458
6973
6764
892
6106
9466
10353
1115
7330
1844
2903
892
6106
9466
6513
1139
10558
5044
7416
890
9364
3161
2357
5163
3686
5921
7416
5044
6767
2507
524
5458
6973
6764
892
6106
9466
8036
2765
9430
7388
9663
1139
6513
9466
10353
6774
8036
2765
2124
7847
9550
6774
9550
6456
1115
7330
1844
8086
1218
3038
7526
6764
892
6106
9466
10353
6774
9550
3770
6622
3988
2383
9550
3770
6622
11084
5591
6079
7816
1127
8501
2522
5974
8166
5223
10230
7816
6079
4207
2383
9550
3770
6622
10007
4704
10591
1236
10591
8468
2712
8136
8802
10007
4704
8727
8499
9586
2288
9235
4268
239
2358
10637
749
8111
7049
10829
6186
9586
8499
8727
6674
10799
6817
2288
9235
4268
239
2358
5327
2716
3958
6861
1380
4570
2950
845
5403
3178
446
4185
8181
120
1031
6838
1113
4293
212
2490
93
5321
9262
659
559
5319
7718
10954
4607
7599
8849
863
1098
5319
7718
3560
82
2286
1083
2325
964
5577
4393
930
6465
3915
4802
8344
3732
8007
1533
39
9637
7989
5983
7740
8671
5519
3362
8334
6664
7116
8043
146
6008
4798
10370
3453
9092
6160
3604
3275
5483
2351
5560
3348
7554
5519
10730
10636
4764
3453
9092
11055
4798
10370
10832
6008
4798
10370
3453
9092
11055
5669
6347
891
2653
8290
4078
549
7870
7785
4741
7989
5983
7740
8671
5519
10730
10636
3275
5483
2351
5560
3006
5719
75
6546
9081
4821
2019
5230
9504
10073
4313
7264
8729
10073
4313
7264
3895
7264
8729
666
570
3895
3818
3516
10444
10507
11068
5584
3779
10974
680
8940
1829
836
10800
195
5263
2235
8462
9447
2063
1305
3733
2063
9447
8462
2063
3733
5703
6750
10974
680
6750
10974
680
8940
1829
4889
8821
2538
29
8647
2610
927
1248
4405
11041
6679
6685
9355
715
3637
2145
10742
4316
6053
983
8317
1589
8611
61
8131
10191
5698
8831
6364
9568
2527
6225
3852
983
6053
4316
3344
7365
5562
11062
5228
9950
6668
5442
2782
8520
645
285
5228
9950
6668
6575
4018
6550
3557
7087
5042
9370
8177
8228
2473
9085
9342
9260
1519
9260
5000
8205
1628
9085
9342
10110
1519
9418
5000
9260
1519
9418
2722
1282
3097
3730
6823
4303
1282
9418
2722
105
1255
9342
10110
1519
9418
1282
4303
6823
3730
6199
11315
2234
3810
5448
8474
10937
7017
7674
2197
4331
6794
10145
7630
2185
2980
2005
8781
2064
4605
4759
7773
4685
6605
9248
1421
6603
9607
769
4149
11248
8750
206
10342
5021
8582
5823
6810
7773
11311
4992
2790
8013
9574
3004
7477
4845
8406
3815
2845
500
8865
899
5245
8532
6758
2297
7525
10891
5525
736
8049
3742
828
8695
7460
10616
563
3198
5013
8151
6222
789
5430
1232
2064
8781
2005
6703
7344
1232
2064
8781
2005
3985
747
6703
7344
9821
1145
3196
6643
1274
7630
2185
1278
6958
1497
7445
3104
1904
6130
2720
8933
6660
5982
6088
3001
11269
1877
4904
4559
8502
3089
5908
8655
5972
3546
4103
3182
6533
3449
8676
8508
5227
1877
4904
9763
6372
6080
9463
3484
4103
3182
4940
3182
6533
6080
3484
4103
3546
1214
7325
1849
1617
3273
803
810
10320
508
4242
6859
1617
3273
803
810
10320
328
10596
8035
107
7596
4737
4597
3361
5108
7473
4309
9436
5093
5059
2529
6574
1544
6493
4109
4297
3299
2529
322
8876
9684
4587
4012
5693
8470
2290
10184
8377
10183
10289
1941
9684
4587
9339
8056
2529
6574
6493
3299
4437
8139
1344
2748
8056
2529
6574
1544
4319
4705
606
9008
1626
965
1394
6325
4705
4369
6574
6493
3299
2529
322
3303
10040
4369
322
3303
2862
3800
7892
8582
8013
9387
982
8840
4447
1626
10548
5004
6223
10499
10548
5004
7350
2845
10384
500
8406
3815
6223
10499
8840
4447
1626
10548
5004
7350
4925
4830
9615
3241
9075
3809
945
9203
10820
5245
8532
6758
2297
7525
10891
11205
2
2590
7124
466
3742
828
8695
7460
4992
2790
2590
7124
11205
3004
7525
10891
5525
736
8049
3290
3429
3044
8358
6390
6887
6610
4606
2184
10297
1151
9555
4809
142
1892
3497
6161
9529
2182
3497
4534
2257
6161
9529
2182
9328
1851
2745
10650
8948
1440
5493
7007
9303
7832
8338
7007
271
7007
9303
6628
5552
2143
9109
10882
7306
8517
2911
5751
2311
4572
1025
9529
2182
9328
1851
2745
255
4606
2184
10297
1151
9555
4809
142
1892
9086
2756
3767
3813
11186
828
8695
2590
7124
466
5525
736
8049
3290
10006
10519
3762
1406
10006
3290
8918
960
6086
4964
10479
8358
6390
6887
6610
4606
2184
10297
1151
9555
4809
142
1892
3497
4534
7276
1725
9768
2257
6161
9529
2182
9328
1851
2841
4809
142
1892
3497
4534
7276
1725
9768
2081
3196
6643
1274
7630
747
6703
2005
8781
2064
4605
4759
7773
4685
6447
9868
6447
4605
4759
7773
4685
6605
9248
2339
198
9607
6603
1421
5779
3104
6937
3383
6130
2720
8933
384
4963
113
4162
843
8772
1642
4286
3383
6937
6603
1421
9248
2339
2824
5021
8582
7892
2360
10719
9755
2740
252
3303
10040
10119
9008
1394
6325
4705
4369
322
3303
2862
3800
2360
10719
9755
2740
8876
9684
4587
4012
6987
2395
6428
4176
7038
9760
304
11225
2395
5693
8470
2290
10184
8377
10183
3870
3308
8864
3596
5045
8599
10744
1642
4286
3308
6021
7596
4737
4597
5149
10797
1875
10950
1470
2125
3823
3771
9552
508
4242
803
810
10320
328
10596
5766
9320
5045
3667
9320
885
6353
10596
5766
885
6353
10596
328
10320
810
1737
2752
3449
6533
6080
3484
4103
3546
5972
7964
4801
8655
5972
3546
1214
7325
3273
803
810
10320
328
10596
5766
9320
5045
8599
10744
4286
3383
6937
6603
1421
9248
2339
2824
5823
8582
8013
9387
1155
7892
8582
8013
9387
982
1155
7892
8582
8013
9574
3004
7477
9376
9387
982
8840
4447
1626
10548
5004
7350
2845
10384
10820
9203
6673
10384
8865
899
3861
2297
1957
6290
4845
8406
3815
2845
500
8865
899
3861
6290
4845
8406
3815
2845
10384
10820
9203
161
1981
564
9239
6812
3809
945
9203
161
1981
564
9239
10996
945
9203
161
1981
564
9239
6812
5970
9075
3241
5583
10542
5636
6228
3174
22
779
7751
10712
11180
30
4860
1657
8626
10006
3290
8918
960
3813
11186
10616
563
3198
5013
8151
6222
7276
1725
9768
2081
11082
1145
3196
6643
1274
6794
10145
2892
9712
7585
9918
4904
4559
8502
3089
404
10115
560
2641
4694
2025
10747
1196
2156
6093
11147
7622
4038
1639
10049
6816
7779
3887
4091
5246
10190
9787
4181
8395
9541
3849
2964
6186
9586
4101
9816
2663
3849
3971
1334
6033
4652
2124
9816
2663
3849
7049
239
2358
10637
749
8111
6212
10557
8293
8717
10415
3357
2853
9597
4161
9103
10642
9208
1651
5338
3823
3771
9552
508
810
10320
328
10596
6353
8864
3596
8599
10744
1642
4286
3383
6937
769
4149
11248
8750
198
2339
2824
5021
8582
5823
6810
11311
563
3198
5013
8151
6222
789
3973
11082
1145
3196
6643
1274
6794
10145
2892
9712
7585
1877
5227
328
10596
6353
8864
3308
3870
10183
9112
11248
10289
1941
9684
4587
9339
5941
3576
2405
7882
4237
6736
5376
1846
4898
10669
5849
8754
10722
6007
1269
8470
2290
10184
8377
10183
9112
4537
10206
21
3383
6937
769
4149
11248
10289
1941
9684
4587
9339
5941
3576
8355
6987
2395
6428
3212
6007
1269
8470
2290
10184
8377
10183
10289
1941
9684
4587
9339
8056
2529
6574
6493
3299
4437
1344
2748
5941
3576
8355
6987
2395
6428
3212
6007
1269
8470
2290
10184
8377
10183
10289
1941
2740
252
3800
7892
8582
5823
6810
11311
563
3198
5013
8151
6222
7276
1725
9768
2081
3196
6643
1274
6794
10145
2892
9712
7585
9918
3302
5448
8474
10937
442
1766
2143
9109
8845
3755
1278
6958
2980
2005
3985
747
7630
10145
2892
9712
7585
9918
4904
9763
6372
6080
9463
3089
404
10115
560
2641
4694
2025
10747
1196
2156
6093
11147
7622
5075
5188
6349
6441
4715
2876
645
285
5228
11062
10750
2145
3637
8984
1805
5969
10805
3934
11095
8855
298
7097
7498
11095
8855
298
4405
11041
6679
3934
11095
8855
298
109
9119
732
9482
7806
5580
2610
927
4544
732
9482
7806
2610
927
4544
7812
10226
4405
11041
8611
61
8131
10191
5193
5940
9332
5276
8081
8646
5940
9332
10953
5276
3105
9507
8748
2377
1776
8195
3105
8708
9984
8081
8646
5940
9332
7432
8388
793
10121
6016
7211
2097
10628
3296
10655
10427
4492
2710
6175
8048
1740
3868
62
1408
3955
759
8388
9013
4492
10427
8549
2648
6068
2600
10793
1370
2558
9562
1746
998
946
9773
8257
4598
998
946
1288
8926
10038
205
3265
7922
3315
9955
262
6559
3230
8455
8017
5986
538
9955
7986
1965
1481
7657
2142
5594
7287
7922
3315
5594
10038
205
7287
7922
3315
538
5986
8017
10850
8455
3230
5915
1230
1461
9107
4195
4461
9578
8887
6631
2130
9105
5556
7329
3080
8887
8186
7481
8186
430
58
8147
58
3839
6126
8118
5225
5884
3625
9124
5515
378
9544
4079
1359
8147
58
4079
1359
8147
335
1403
9716
3230
5915
1403
3406
5827
8122
1836
4503
9059
5778
7650
11155
2685
2231
4484
7195
4484
9456
8886
5079
10771
3884
6979
5935
2732
752
931
127
1668
9738
8884
6417
8884
10593
787
6417
8884
9738
1668
127
931
9942
5005
8105
7332
4711
7932
7280
8187
7252
1504
2598
1543
9912
1436
9021
10456
9938
