1
4248
4516
7281
2751
2239
7075
8109
9480
9224
2890
4501
8399
8401
5819
9855
1786
4581
10057
2144
6125
3611
7610
5953
10241
7392
8516
3464
2419
7661
4635
127
241
4156
752
2732
4235
10225
6832
8981
5050
9478
6560
219
4916
719
10860
5419
8279
5698
8831
6364
9568
2527
6225
3852
8855
298
109
9119
732
9482
7806
4989
1627
2630
7157
2278
9060
5115
195
9447
3733
5703
2283
800
8808
11187
571
9812
10446
670
7543
11068
5584
10974
6750
5703
6750
2283
5703
6750
10974
816
8271
10376
3676
5237
8463
3582
5947
2013
4706
6327
7647
3676
340
4450
5728
5092
609
748
1055
1395
8192
5175
8426
3793
9325
5931
7057
3841
4489
1246
9325
1316
3726
8869
2995
8248
8687
10412
7615
5601
174
8248
8687
637
1515
6231
11130
6115
9244
8209
4029
5978
7272
7249
354
1772
7370
7990
2147
7031
2944
11130
6115
9244
2867
2995
9334
174
8248
8687
637
7177
6001
5575
11080
10773
9770
11080
9388
6001
2506
8839
4993
8560
9350
5614
6269
7084
10469
11255
7510
11235
10663
10013
4577
3525
4034
934
3928
11235
10663
7338
5380
1926
5381
10952
816
8192
7755
5175
5463
2204
9123
149
3043
8258
10469
1787
5381
1787
5380
1787
256
2724
5731
2457
9115
10446
9775
1908
3713
800
8808
11187
10002
7884
130
4300
1940
3167
2983
3167
10582
130
4300
1940
4846
494
2983
5669
6347
63
3883
8409
1286
4300
1940
3167
10582
11058
571
11058
5922
11277
9812
3652
9460
7255
10778
7529
8281
10073
4313
7703
1161
797
2275
7530
11069
9318
460
3732
8007
1533
9648
9126
8197
3915
4041
9318
9081
4821
2019
6512
7929
7703
1161
797
2275
7530
4671
4510
4847
11011
1828
1578
6613
6308
1828
4568
3614
3434
11069
4874
2934
5889
1083
2286
82
6263
9121
1185
6217
10202
1578
7861
2136
1138
8598
5652
8730
5618
10988
5488
6837
4252
1138
2136
856
10734
8989
4095
9301
4632
11260
11052
5529
410
10902
10764
3905
8356
4429
286
4333
3673
1338
5222
11260
4632
11224
5204
1338
5222
11260
11052
3737
924
5165
10439
3705
3828
646
8794
7014
5173
224
1426
9691
7376
6929
8726
7218
4381
11028
4888
10716
11212
7109
6784
10258
8621
6023
7654
2509
1347
9556
9128
9922
3998
533
9655
1764
1637
2344
9262
8132
10093
10453
7188
1506
5713
1859
9236
1506
5713
1859
11301
410
2676
1742
9236
1506
5713
1859
11301
410
2676
9786
5532
8356
4429
6737
2131
4333
3673
1338
5222
11260
4632
9301
3946
6189
924
5165
10439
3828
646
8794
7014
6653
11081
10423
9695
3721
3054
4740
2042
659
559
7082
5321
2344
1637
1764
10659
8296
6851
224
1426
9691
8589
4293
1113
120
8181
6124
4381
11028
1252
2950
845
5403
3178
2504
5403
3178
446
4185
4682
1031
6838
1113
6838
10188
1789
9799
8376
10188
1789
5066
8951
9799
8376
247
7870
9838
10234
10817
7599
8849
276
2332
7937
2309
7937
10116
3660
9114
2332
9114
3660
247
8795
10116
8795
8951
5066
1113
4293
8726
7218
4381
11028
1252
845
5403
3178
446
6124
4381
11028
1252
2950
5761
7353
4343
3847
741
3112
7714
8554
978
9010
11025
7997
4621
3112
7714
8554
3847
741
10327
4508
7997
11025
6817
2288
9235
4268
10829
6186
9586
4101
7847
6373
9969
8727
4704
10591
8468
2712
11084
5591
3988
2383
9550
3770
6373
9969
4101
9816
2663
3971
1334
6033
7568
6170
4652
8137
9430
7388
9663
1139
6513
9663
1139
6940
6427
8435
2188
6427
8435
3686
5921
10558
524
5458
10070
2863
7648
4591
11214
8654
1197
4329
8086
1218
3038
7526
8870
4591
8870
6973
5458
10070
2507
524
5458
10070
2863
9685
9404
6880
10805
3934
11095
8855
298
4405
11041
8611
61
8131
755
11036
327
11155
2685
9456
8886
3884
6979
5935
2732
4235
10225
5254
7536
4235
10225
6979
5935
2732
4235
10225
6832
1570
4949
5050
8981
7195
8421
6147
9515
2231
4484
9456
1419
5079
10771
5935
2732
4235
10225
6832
1570
5050
8981
6560
9478
6100
8141
8853
1065
7637
3510
5020
11288
1262
4035
961
1262
6849
7783
8324
6552
1884
1584
3658
5467
7192
4481
9189
1065
7927
7501
6100
8141
8853
10497
4941
2781
5111
8404
9141
10150
2986
219
7682
6147
8421
6560
9478
2781
8404
5111
54
9642
6287
10497
6287
3877
9189
10497
6287
9642
4844
10394
9527
8696
5419
4225
11113
3200
7430
4564
264
5058
8767
9206
3200
7430
2301
7087
5042
119
9100
649
6433
5058
8767
7300
9206
7300
11113
3200
7430
1213
3736
8279
4360
10860
8696
9527
10394
4844
9275
10916
2582
10176
1381
6590
2582
10916
9275
10841
10176
5467
6590
1381
5467
3617
10763
10136
5467
7192
3510
528
4431
2397
7501
10257
11252
8278
9
5281
1738
8278
5903
11252
1449
4339
4221
273
5215
6994
8168
7735
1738
8278
9
9661
1378
5235
9287
10694
1156
10694
5074
10046
4518
8115
3465
3451
7018
8102
9451
1786
4581
10057
2144
6063
8782
7273
6452
4145
6063
8782
3451
1842
7018
8102
9451
10127
11272
4112
5090
2035
3247
811
8677
7759
3601
11272
4112
5090
2035
3247
811
4441
2907
3247
811
7090
4249
126
8215
4222
3070
11053
4014
6765
5765
11134
5765
6765
2933
6765
4014
126
43
5782
8747
1907
6640
10809
7251
2889
7945
6204
4474
9551
1156
4518
8115
3465
4877
7273
6452
4145
6620
518
5953
7610
10871
2991
8393
10775
8684
5036
2870
3385
9091
4723
5660
4113
2240
4723
5660
10166
3032
8578
9938
4113
5660
8578
9938
4113
2240
6821
4301
9091
6821
4301
2493
1412
7787
10241
7392
8516
2877
3464
2419
7661
3107
3924
155
7661
3107
11276
9584
4669
202
4738
5005
8105
3107
11276
9584
1365
9846
3462
7332
4711
5032
3834
5984
9641
8120
7875
6455
2317
7665
5561
5274
10418
2670
5542
10837
5821
4857
10837
2463
11002
2432
5611
2741
2317
7665
6065
7143
3759
6383
2909
1477
5207
8879
9657
4479
280
4433
8353
10612
3461
8790
2223
280
5913
8353
4433
2223
10612
8432
59
10011
5220
7256
9511
8432
59
10011
3461
8790
4442
3365
7890
5738
7722
2214
6731
5893
6051
6138
9954
9742
4240
2334
5542
10837
5821
2741
8713
7909
4810
10514
5611
10514
9779
9023
5180
4982
3240
753
8705
1502
9483
5834
4982
3240
5776
10270
8797
8982
1800
4030
753
8705
7875
8705
1502
3240
5776
9023
9779
10514
6294
6127
2219
6294
6127
6013
8957
10390
9911
5611
2432
10900
10895
11217
1625
7217
1168
4666
7679
4307
4184
2111
7337
9616
2780
4754
4460
8161
8957
10390
9911
6013
8957
10390
9911
5611
2432
10900
3801
3392
5708
833
5177
9946
9155
9151
4240
2463
11002
2432
10900
3801
833
5177
9946
11002
2432
10900
3801
3392
10895
11217
7856
1090
3848
375
8267
9155
3259
9421
375
8267
5177
9946
9155
3259
9421
3848
1090
5708
1090
7856
1625
7217
1168
10933
9566
4239
10983
10830
3492
3259
9421
375
8267
9155
9151
10395
1046
4952
5684
840
9604
2677
7121
2214
6731
5684
840
9604
2677
3250
6746
10830
9151
10395
1046
6138
9954
9742
10395
1046
4952
5893
4085
5738
7890
5220
7256
59
10011
5220
7256
8436
11234
5886
1645
583
1430
232
9259
9840
7795
9229
6301
1531
1512
10477
9840
7479
10993
9259
9840
7795
9229
8660
368
2596
7823
1537
9956
1363
6187
7618
10445
2163
4218
9683
2163
4218
9683
5301
7600
4608
9323
10711
8804
6847
3666
7679
3969
10711
8804
6847
10218
6187
3134
6395
5124
9956
1363
3134
6395
9956
1537
6340
3694
8488
112
661
2476
8737
1405
8576
8385
661
2362
7591
4153
9781
10620
2307
3701
8622
1253
8885
8737
1405
11016
2842
2970
7267
4218
9683
5301
7671
2726
8804
6847
10218
4239
10983
3760
5124
9956
1363
6187
10114
1857
1735
8488
1735
1857
6340
3694
11038
2707
8416
4233
8270
2707
1882
7823
2596
368
8416
4233
8155
10128
7479
7795
9229
8660
3250
6746
10830
3492
9566
4239
10983
5590
368
8660
10995
2227
7121
2214
7722
7121
2214
6731
5893
4085
2029
4937
6051
6728
10913
9030
9881
875
913
8879
4937
10195
6728
10913
9030
9954
9742
10395
1046
4952
5893
4085
5738
7890
2897
8274
8436
11234
5886
250
32
806
4494
3959
8668
9867
6511
250
5886
1645
6388
309
10100
6388
309
10100
10215
5117
11236
3110
10993
3110
4017
232
4017
5117
10215
1430
583
1645
3146
8348
1976
5339
7495
4166
2519
6468
4523
595
7914
4346
4724
5406
4346
4724
10536
9931
6316
5650
9931
6316
5650
11067
5028
6261
432
5466
5224
5233
32
806
5512
4494
3959
8878
7469
8665
4408
10244
6914
9725
1826
887
5466
5224
4327
5512
1826
802
3850
8897
3572
7840
1664
8373
7052
4908
8769
5929
8210
6193
9553
4114
1753
118
10685
9434
9393
217
4407
7829
9027
4292
1499
1343
8665
3959
8878
1732
2403
1071
10052
11251
6101
10117
5110
2994
1806
8422
1535
3523
7194
8963
1241
3523
7194
1066
5523
469
1089
8540
10482
2644
1502
9483
7968
3782
1673
8713
7909
1064
4810
10514
6294
6127
2219
9779
10514
5611
2741
8713
7909
1064
5180
9023
9779
10514
5611
2432
10900
10895
11217
1625
7217
1168
4666
4307
4184
9139
4376
1073
867
2792
4295
10458
11196
4246
4376
10178
696
3173
7337
8412
1809
792
3195
3358
6841
2821
8148
11322
10189
6458
2821
6841
3195
792
10334
10178
696
9139
9310
2594
4246
1073
10863
867
10458
4295
5815
11196
4246
1073
10863
1592
9948
3808
9905
6744
2568
2792
9575
2055
1326
6762
6744
2568
1592
3632
2067
1997
5848
3101
3339
9668
7702
2296
781
9150
6718
7578
786
1902
4395
11333
6867
1817
5278
2669
9173
6368
10564
3090
7068
10108
4165
1643
5801
1432
1459
10680
5496
10680
341
8553
7573
10160
6280
1384
6183
8997
6488
9923
163
1174
2127
10564
11229
1199
7391
11223
307
1313
188
1432
1459
341
8553
11297
5801
2763
3090
10564
6368
11229
11223
6853
10688
1815
4135
1997
1107
3358
6841
2821
6458
10189
314
3101
11322
314
3101
5848
7848
4870
11333
7848
4870
1238
1817
5278
6867
1817
5278
2669
1199
7391
11223
6853
4410
10366
8970
4485
1432
188
8970
4485
1432
1459
341
8553
1384
11297
6183
10160
1019
5875
861
3885
3882
9042
3882
11256
6172
7844
8752
7303
1019
10160
7573
6280
1384
11297
5801
2763
4165
1174
6540
1327
9173
333
786
7578
6718
2547
3831
7764
333
786
7578
6718
9150
7702
9668
3339
4395
11333
6867
1817
5278
2669
1199
7391
11223
6853
9025
8970
4485
1432
188
1313
9025
1313
307
3090
2763
4165
1643
8997
6488
9923
163
1643
5801
2763
4165
1174
2127
1327
1574
7764
333
786
7578
6718
9150
781
5679
7887
166
7234
5679
7887
8413
10858
4535
2547
3831
7578
6718
9150
781
6207
7130
8001
7401
4868
6964
7623
3267
2158
6489
9132
4868
6964
4968
7234
8001
9274
10912
1229
4058
9274
10912
1229
7427
4133
4776
8148
2660
2296
781
6207
4425
4776
8148
2660
4425
3188
10912
1229
4058
9724
9709
10358
8193
9357
4030
10270
8797
3072
7471
8957
10390
9911
5611
2432
10900
10895
11217
1625
7217
1168
4666
4307
4184
2111
2780
4754
5600
7042
1961
7217
1168
10933
3666
7679
4307
4184
2111
7337
8412
7151
7318
9616
2780
4754
5600
4939
6902
10390
9911
5611
2432
10900
10895
11217
1625
7217
1168
4666
4307
4184
2111
2780
4754
5600
4939
7042
1961
8929
11217
1625
7217
1168
4666
4307
4184
2111
2780
4754
4460
7110
4015
7427
792
10334
3173
7337
9616
2780
4754
4460
7110
562
7972
8982
1800
8193
2617
3123
7175
3628
1162
4722
10000
9216
3281
450
5213
2910
2308
7690
10803
9822
481
4957
5752
7092
10085
3401
3442
5617
5414
5617
5625
9197
3470
9280
10172
3014
8952
8603
8850
4873
10490
8040
3401
3442
5617
5625
9197
1825
1004
8479
347
10162
9494
8838
2559
822
3515
2829
7605
7628
3677
8784
7271
3401
3442
5617
5625
9197
3470
9280
8850
5414
5617
5625
9197
1825
4082
5347
5140
10414
4367
3749
7054
4661
7855
10392
2658
5347
10658
8292
6475
6418
344
9247
4539
7279
11215
3515
822
10766
347
10162
3
2121
10363
7628
8971
5617
5625
9197
3470
9280
10172
3014
7459
902
9652
5151
10269
7045
6351
2460
166
10803
9822
11347
9827
10490
6111
3428
10085
3401
3442
5617
5625
9197
1825
1004
8479
347
10766
822
2559
8838
3517
10363
2121
8971
8784
7271
6328
2472
10955
1680
1231
9117
10955
1680
895
7271
6328
895
7271
6328
2472
3281
450
5213
11112
4968
7234
5679
7887
8413
10858
1724
9930
2787
8413
10858
4535
527
1724
7871
5077
3936
7248
9042
5122
3885
861
9261
5437
9923
10485
5253
6540
1574
10480
8690
5253
163
1174
6540
1574
10480
527
1724
9930
7045
818
9747
7459
902
2548
10172
3014
7459
902
9652
11048
5184
40
2556
6910
5151
10068
5077
1588
5133
2693
2258
784
1373
9801
2139
9022
6397
2517
3481
9288
5283
41
2557
5255
9167
1586
9665
5675
7668
5632
1373
9801
9932
7593
2139
9022
10426
2834
6397
2834
1330
1687
1310
4931
3704
3659
4363
8682
2738
9687
1636
4088
2548
10172
3014
8952
8603
8850
4873
10490
6111
481
2308
7690
9822
481
4957
5752
7092
6328
2472
3281
450
5213
2910
5752
7092
6328
2472
3281
450
5213
11112
3267
6489
7623
3267
2158
450
5213
2910
2308
7690
9822
11347
6111
481
4957
5752
7092
6328
2472
10955
1680
1231
9117
2370
10000
9216
3281
450
5213
11112
4968
7234
5679
7887
8413
10858
1724
9930
7045
818
9747
2637
6518
8133
6351
2460
2787
8413
10858
1724
9930
7045
818
9747
2637
1686
8952
8603
8850
5414
5617
5625
9197
1825
4082
5347
5140
2974
8292
6475
10081
8460
6418
6146
9519
6811
9386
10823
3144
896
1819
5404
145
7202
11098
3223
10977
101
7202
5759
6201
639
3346
9058
2924
988
5683
8697
4543
3327
11097
7102
1596
2657
9977
2924
10550
7752
3124
6404
486
7938
3752
993
1325
10529
5879
11119
6394
10478
8963
3862
3821
901
1241
8422
7114
2644
10482
3951
1699
11208
5523
1066
5581
8439
4117
829
10529
5879
11119
7463
829
10529
5879
11119
6642
10529
5879
11119
7463
5581
8439
4117
947
3370
9369
7524
4089
9072
3920
4028
8924
8172
10560
4067
5759
72
2528
3448
1129
72
2528
2523
4858
9291
9061
826
7413
2705
27
6525
8130
4026
1717
6355
6852
8101
4854
6355
1717
27
499
9142
6659
6984
8343
6565
89
69
2525
3372
3897
8475
6271
3255
193
10348
9367
1650
6459
3819
949
6492
2742
6593
4602
5932
2534
4070
1541
447
2887
7324
1198
5932
4602
10638
1101
3393
11175
1355
1718
3393
11175
9791
949
6492
11077
1423
10651
10033
9926
9407
5068
2611
2815
8231
111
11077
1423
197
2848
10033
9926
8659
9043
10848
2789
9788
9982
6525
8130
1874
9162
4854
8101
9449
6057
8206
2796
5939
9110
5556
9105
10769
2612
3398
2813
7252
6324
3680
6036
9425
638
3565
4321
7282
9717
2498
11261
6165
7085
2141
11273
2881
3074
2571
6650
10072
4072
4321
3565
638
7322
3647
8806
9851
7191
2760
10670
10236
6998
4673
10219
7000
8834
3244
1835
8053
5877
8638
2002
1208
3982
1977
4402
1186
4786
7230
8460
6418
6146
4100
10977
101
7202
11098
3223
9981
7517
1251
223
10096
455
7935
9981
7935
807
6146
4100
1697
4961
2759
10361
1697
1088
2410
2759
230
3612
9386
4786
7230
1354
4402
2632
3982
3892
4551
8071
1122
7317
8653
1186
4786
7230
1354
7672
153
10009
3055
10009
9502
4106
4444
9643
7235
5484
8492
10170
1247
4452
2932
10908
7708
141
6650
2571
552
10396
5825
3320
8414
4747
6719
1467
7971
7106
3948
7402
3320
1187
3948
7402
4747
8414
7159
2679
7899
3028
4947
9993
1491
7799
2220
8431
8759
8731
4736
6210
808
2658
7016
2738
122
2109
5184
40
4931
3704
3659
4363
6868
8682
2738
9687
7821
2336
10235
1636
5996
9652
5151
10068
5077
3936
6639
5022
7248
9042
5122
4043
10461
10485
11200
8690
10480
527
1724
7871
5077
3936
10461
10485
11200
7871
5077
1588
7593
7065
10426
9022
2799
3481
9288
359
5675
7668
2799
9022
10426
7065
2806
10194
8482
2095
1310
2556
171
10068
5077
1588
5133
2693
6639
5022
9748
950
6485
9315
8059
9540
6172
7844
8752
5912
7844
8752
6875
3882
9042
5122
3885
861
9261
6488
9923
163
1174
2127
10564
11229
11223
6853
10688
2607
8424
7069
7263
7449
10156
4308
6925
3632
4432
2067
1107
10334
10178
696
9139
9310
2594
3969
1712
5318
9039
6439
10833
3939
5311
9745
7999
484
8606
6977
5231
9431
7024
917
9681
115
10509
635
3354
6424
10928
6787
5593
7924
9033
8308
3059
1745
9033
10429
4451
2291
7699
10909
5272
6463
3059
1745
6424
10928
8636
8539
3354
660
9335
1903
9877
9428
5937
321
2245
3593
1130
512
9284
8394
775
512
9284
3791
6463
9877
6680
10689
6923
4828
1326
6762
4350
7705
1326
6762
4350
10201
9905
6744
2568
1592
9948
1944
4866
7169
2242
7326
10163
3260
9907
1154
9228
8095
4485
1432
1459
10680
5496
11167
8596
8715
3594
5691
3224
5691
7134
7687
6830
6376
2917
7012
6524
6076
5349
4983
3937
6333
135
3500
2181
6006
5061
5662
7478
6233
9495
1539
567
8487
3319
3753
1428
2581
7865
1946
9399
4137
3803
5354
3608
8672
878
8760
2750
3776
1963
10896
4449
2627
467
11201
8760
2750
3776
2274
222
8902
199
3440
10684
10103
4507
11131
1306
6779
11022
3386
4170
6461
2931
8616
718
5490
10861
3881
9319
7827
2613
3881
9319
1600
10861
10675
10129
4599
3304
5579
2494
9870
6177
4526
4599
4526
2931
8616
3881
9319
3624
1777
1804
6579
6960
1600
10861
10675
6897
1458
10580
1498
6329
6579
6496
3482
6151
1498
6329
6579
1804
3400
1804
8493
8512
3941
5918
5435
10940
4183
8771
210
2992
2972
7098
5633
7183
7533
4509
1057
10253
1660
8403
7613
116
53
5156
2713
9910
10454
1778
4186
3199
3583
9097
5671
6197
364
7920
2672
2997
3711
11190
1736
7155
5494
7858
5282
6870
9831
2329
6209
7196
11246
435
8072
1451
6890
7468
3427
2173
1508
4663
11000
2666
7770
10060
4102
1689
10814
5664
7743
4128
4169
7715
8173
2871
3450
8907
10060
4102
2871
3450
8907
100
2744
2631
444
6505
1959
7834
10271
7678
5382
8883
4060
4548
1480
4819
9508
236
4417
10008
2878
9508
10498
2449
11195
3421
6747
7331
337
8922
10290
356
735
7396
3231
5420
3941
8273
8771
6029
2972
2992
6985
9864
5686
10039
5158
8816
5696
8652
6601
8635
10019
3201
7946
7369
6684
7894
5543
1227
8894
8877
6992
8069
5570
7183
7098
5080
2621
7649
4924
8346
7649
4924
8346
4553
2478
7399
8652
2621
7649
4924
8346
5570
7183
4509
1057
10014
10756
5094
6661
11279
2770
2810
2770
3034
4183
1057
4509
7183
7533
1457
6900
10253
10756
5094
6661
4065
8974
8304
7100
9500
1956
5966
7088
1597
5229
3521
9933
10454
1778
5809
2588
6545
9097
5671
6197
9662
9195
1599
2552
2672
8892
8534
11018
3707
1097
8264
1938
10357
8892
8534
11018
3711
3298
3707
7582
5293
8841
5494
8841
11185
5681
7232
5925
6990
1876
5925
6990
8080
5658
8080
7258
4867
4835
1938
8264
10425
7232
8080
6990
5925
7232
5681
8264
10425
4835
10425
7258
2839
5521
3359
10193
991
5810
1621
10574
1300
9759
4579
1040
1758
4755
9475
5871
7857
9475
5871
9653
944
10674
8099
3537
2852
1894
11332
777
5644
10851
9943
5179
6405
9653
5871
7857
9475
4755
1758
10193
3359
5521
5658
6589
9408
10525
4121
8670
144
8906
2777
5500
9046
3532
7576
8103
6219
6710
11334
9015
613
3351
9046
3532
6343
4531
9689
3414
2777
5500
634
10168
3904
3351
634
4788
7651
4891
6251
2298
1970
6251
4891
8175
4788
9587
3402
2996
7913
11044
2421
9587
2421
3402
2996
479
8073
7913
11044
7651
2216
3159
7354
9831
5324
2737
9525
6150
1017
8073
7913
11044
9525
6150
10610
5324
2737
3159
7354
7769
11265
3787
5640
9285
10935
7676
620
6341
2216
9525
6150
1017
7913
11044
7651
4891
8175
10168
871
9698
5872
809
7174
2465
6756
3904
8800
5714
9372
4615
6196
6004
1060
3639
9965
8639
2102
5748
1998
1076
5271
9152
7878
7458
1329
1368
426
10086
6054
3454
3133
6078
7108
10938
3133
351
1465
7356
4467
2304
4716
10359
2052
1688
11154
5833
10159
6017
7001
622
3471
4324
622
3471
7656
2201
1948
3728
7286
7928
3384
2957
374
10098
3590
1478
7942
4825
374
2642
6470
8539
3354
635
660
9335
1903
9293
6676
9335
1903
1745
9033
8308
10909
5272
6463
3059
1745
9033
10429
1452
6144
9902
8818
1830
10325
8852
2302
8170
5820
9902
7924
5593
6198
2615
5783
1653
2302
8170
5820
9902
8818
11278
8243
503
2033
8818
11278
8243
2176
8894
2176
795
8903
2873
6634
7662
1227
8894
2176
795
6504
4451
2291
4839
10296
6504
4499
2176
795
6504
4499
503
1452
6144
9902
7924
5593
6198
2615
8170
5820
9902
8818
1830
7048
6612
5861
8208
4132
9735
11278
8818
1830
7048
7842
6612
5447
7484
3050
782
5861
8208
1830
7048
7842
9784
2840
451
6517
11154
5833
10159
2840
339
750
5838
3138
339
750
4470
2313
3236
4641
7077
2100
4641
7077
9784
4324
9784
2840
451
9402
2583
9640
10523
10359
1695
6554
706
10417
10979
5214
3283
1747
3630
10620
5323
10547
10026
218
2206
6466
10099
598
8896
9957
3961
3845
6168
3060
3251
5956
6168
9875
218
9875
9957
2622
291
11049
9585
3146
6785
309
10100
10215
5117
11236
6785
3146
4546
8348
3146
4546
5565
11079
213
5339
213
3116
6822
9972
6775
7495
4166
11092
7767
765
417
10552
10794
10428
9168
3258
5081
7198
6834
9077
6669
6600
5957
7414
1905
7919
5017
6119
1905
7051
9581
6155
11140
582
9940
3388
1573
7489
9168
10428
10794
9063
3908
4248
1573
4248
3908
10838
8829
7364
2706
10838
8829
7364
10617
6972
4302
799
2012
6972
2012
11337
10617
6972
2012
4805
257
11274
7015
10067
5135
10705
8866
6326
11310
1462
2687
8785
443
3225
8318
2687
8785
2389
10080
2928
412
1015
9187
3513
1561
3091
2731
597
3513
5361
9130
9953
8568
9714
11050
6163
1557
5883
5356
8037
9732
2495
5835
3623
5951
5722
7019
8996
10468
8716
4574
9866
2347
7094
3264
8761
10633
7586
7246
532
10633
8430
7259
6310
2656
3390
9543
7011
6310
7011
4580
5548
2480
5187
1801
1190
5187
8542
7160
7768
2256
9885
5548
8542
7160
772
7467
10920
8968
1190
2480
5548
4580
7011
6310
2656
3390
7586
7788
4416
3065
4042
2229
10881
9054
9796
3065
10881
9054
342
8045
3154
5816
7614
4366
4665
244
2715
2874
3945
437
5722
7019
8996
10468
2024
5436
8350
6947
10285
8701
8471
7465
2342
4514
4693
4943
2024
2773
272
8037
9732
4970
5297
2134
7544
10097
9314
5890
11227
1021
7122
1734
7577
3843
217
4407
2650
6986
7669
9780
7455
882
9628
36
9474
932
4907
5607
6713
6096
10238
4531
9689
3414
10958
1192
1195
7468
3427
2173
7149
9679
1556
4674
7834
10271
6589
9408
10525
10436
5284
708
1508
4663
11000
2666
9316
1532
4823
7606
6543
1723
11220
1585
9454
3466
4582
3232
9891
658
593
8959
6734
10169
10751
853
3381
4851
6009
8848
9396
2516
8959
6734
6723
4851
6009
8848
6723
4851
6009
2804
9396
2516
8959
6734
6723
4851
6009
2804
2803
4515
2516
8959
6734
6723
4851
6009
2804
2803
2942
9419
4515
2516
8959
6734
6723
4851
6009
2804
2803
2942
7786
6302
4372
6399
3555
3476
6922
8026
5418
1715
1386
1266
3914
7410
2271
192
3253
9995
3253
1796
8980
9995
3253
3914
3253
192
10707
8347
4797
2526
11228
4549
9461
8980
1796
8347
10707
2940
10276
8211
1662
6519
2747
928
6519
1662
3996
1398
2940
1662
3996
9076
6300
1123
3615
2043
371
9371
5979
6422
2385
3356
5979
1224
1992
7957
3615
2043
4911
7728
10516
3722
11040
1182
11207
929
928
929
9076
6300
7728
1182
11040
3722
8930
831
7587
2566
10699
2830
5808
4774
5655
8928
9026
9371
8495
4911
7728
10516
8495
9371
5979
1224
1992
6422
2385
3356
11065
3825
1514
5808
4774
8518
7535
9026
8928
7587
2566
8369
5663
1417
1640
6975
1417
1640
1943
4320
4918
3607
5635
7689
4358
487
6361
1665
4733
10473
2511
5240
487
4358
2265
2189
4358
2265
1793
7257
10208
8124
3075
8914
6444
2772
5663
1417
1640
604
4918
9351
1147
8758
7257
4824
4853
1911
6708
5643
1522
3262
5331
2960
1006
3262
1522
5643
4824
8124
3075
11090
5740
8914
6444
6975
5740
8914
3075
11090
5961
9351
3103
10208
11090
5961
