1
4464
4516
7281
2751
2239
7075
8109
9480
9224
2890
4501
8399
8401
5819
9855
1786
4581
10057
2144
6125
3611
7610
5953
10241
7392
9074
155
3924
9098
1018
3295
3625
9124
5515
378
3839
6126
430
7481
9578
4988
6899
2049
1658
1447
8451
3507
8427
7199
9720
2488
6566
4257
1112
315
1342
9307
6570
3291
10752
2785
7547
3773
714
6344
7739
3695
844
2539
7973
7883
8707
2791
34
2690
4730
326
7961
2445
8254
9405
3333
9896
5811
7893
326
7737
2445
7893
7961
7737
3853
3118
7342
4730
10561
7634
8923
2085
3812
5491
9874
1993
2226
1752
2961
1618
6753
3368
7958
9194
6118
2106
234
3512
5724
10239
4385
10598
612
3368
1341
5724
1070
10239
8332
543
9979
8912
9979
10398
2453
6683
3190
3180
1622
1897
10807
5168
1620
6497
3477
1530
3709
1933
8113
5168
5624
6497
3477
10113
4934
8483
7450
3785
3180
1622
1897
10807
5168
5624
6497
3477
6309
4997
106
10113
697
8765
8483
7450
5427
4636
3785
3180
1622
1897
10807
5168
5624
6497
3477
5166
6309
5166
9571
940
10849
7059
1530
3477
5166
9571
940
10849
5603
4081
267
7422
5603
7422
7059
1530
3477
5166
9571
940
10849
5603
7422
3069
6776
1521
6442
5332
939
267
4081
2250
3876
7792
5480
10964
194
10889
3185
7127
9078
8545
9771
482
5275
9968
311
5275
9968
311
6521
9055
11145
2250
4081
3076
4567
1953
10387
8114
9968
311
6521
9055
6537
3185
7127
8545
9771
482
6749
2118
10065
8706
6614
8014
2793
8490
7243
10192
2378
3367
10192
2378
4199
1454
267
4081
3076
4567
7003
4199
1454
4893
2378
3367
611
7003
4567
1953
10387
6749
2118
8287
9741
7881
3938
1705
8753
1143
3830
984
4986
11339
548
10109
10654
2105
1268
1873
572
4948
7434
6704
2918
1505
572
4948
7434
6704
5489
10372
6030
5666
9961
9497
2963
8129
8643
1549
10476
4956
3926
8054
2133
11043
9690
10220
2230
5862
11150
10615
8983
9321
4686
8919
11043
9690
3040
9321
4686
7352
478
9844
4478
2338
9127
5547
6548
5757
6548
5547
3403
5653
5582
6797
478
3324
631
3403
4304
2489
10783
488
11325
3292
4791
7440
1222
2489
10783
488
8012
5997
8718
5503
4400
888
4742
5653
5582
8836
9003
1634
4120
7308
2027
1634
4120
3425
8867
3926
8054
2133
10164
4927
4525
10220
2230
5862
11150
1136
10654
2105
10217
3493
6362
4763
5242
1577
10819
9380
190
9448
9889
9999
7043
8975
6963
4040
5608
3781
8861
9051
3041
10069
2264
772
7467
1801
1190
5187
8542
7160
772
3325
76
9440
76
10475
9051
3041
10069
2264
772
3325
4554
2428
10926
3325
4554
7527
11066
2918
1505
5736
3921
9762
2069
10217
3493
10703
729
11181
6562
3830
984
9976
9594
246
6641
10500
6768
10677
10053
1989
11125
1225
2591
323
5847
5287
10853
4124
2091
10182
5894
6727
9136
1
10500
6768
10677
10053
5070
10071
1989
11125
1225
2591
323
8339
4752
9382
10585
8339
4752
4659
1446
1534
9199
2554
785
3747
2905
6415
5851
5710
4197
1840
1489
1930
7912
1969
8
2554
9199
1534
6839
5905
274
9382
4752
4659
1446
1534
8167
7819
74
9125
8167
7819
10788
38
7466
6429
2605
9450
8783
5976
3536
1203
1732
5055
2605
6429
3654
2193
408
1307
5768
4338
7006
10641
6094
1399
7006
4338
7178
67
5333
2193
3654
2403
7469
8665
4408
11331
6914
270
2330
9725
1826
887
4327
5233
32
806
5512
1826
9725
6914
11331
1826
802
3850
5028
8897
3572
7840
7240
7
4908
8769
5929
8210
6193
6320
9341
3997
8210
6193
6320
10569
5406
10569
4167
1663
7390
3976
6448
1753
8210
6193
6320
10569
4167
1663
9094
1235
594
10349
4761
1256
7446
5194
1880
8614
3994
3592
3994
2406
8207
9007
4869
9393
217
4407
7829
470
5887
1863
125
208
8525
208
10749
5183
125
208
10749
5370
1249
8618
9605
8619
7372
3211
5370
1249
5183
10749
5592
1075
6098
7681
2190
7681
6098
8297
6098
7681
7372
3211
8618
9622
4175
9622
9200
9605
8618
9622
4175
886
5183
125
1863
5887
3684
10736
9908
1863
125
208
8525
2342
4514
4693
4943
2024
2773
9842
8716
5951
8996
10468
8716
1791
4574
9866
2347
7074
8275
7802
6865
5794
7245
3100
8489
6962
11034
6807
6695
381
9533
6164
3504
7245
5794
10476
4956
8867
7308
4120
10299
5395
4290
3715
6305
6945
406
3472
8039
6807
6695
381
9533
6164
3504
7245
5794
10476
4956
8867
7308
2027
8537
5557
8658
8221
1899
6797
478
9844
631
4478
2338
9127
5547
3403
4304
8718
5503
4400
8333
2162
4642
4914
45
8745
4914
45
1711
10511
8842
8012
8383
1711
10511
8842
8012
8383
8333
2162
3964
245
9595
1424
10299
4120
7308
2027
8537
5557
8658
8221
1899
9528
10255
1460
9528
1899
6797
478
9844
631
3403
4304
2489
10783
488
11325
3292
7023
5464
4815
1930
7912
1969
11203
4752
4659
1446
1534
6839
5905
274
3340
9382
4752
4659
1446
1534
8167
7819
10788
38
7466
9019
1974
6701
2137
3480
11251
6101
10117
5110
2994
1806
8422
1535
3523
7194
8963
3862
901
1806
8422
1535
3523
7194
1066
6394
10478
3862
3821
901
1241
3523
7194
1066
5581
8439
4117
947
3799
6516
2268
7522
5707
8967
3363
7983
6516
3799
1209
3719
455
7935
807
9833
9247
10658
8292
6475
10081
1354
7672
153
10009
9502
5866
3055
10009
9502
1931
2266
7520
11218
7742
11198
7742
11199
4426
157
10392
2658
7016
2738
122
2109
3659
4363
6868
5554
11199
4426
157
808
2658
7016
2738
9687
1636
4088
5137
3470
9280
10172
3014
7459
902
9652
5151
10269
7045
818
9747
2637
6518
8133
818
9747
2637
6518
9034
9827
10490
8040
3401
3442
5617
5625
9197
1825
4082
5347
10658
8292
6475
6418
6146
4100
1697
10361
1088
10361
2759
4961
9414
230
3612
2410
2759
4961
1697
4100
10977
101
7202
5759
72
1129
639
3346
9058
2924
8697
416
3792
10866
1184
9815
1728
2888
11100
5057
665
1184
3851
9099
6404
486
7938
8988
7497
8153
3920
4028
8924
8172
9072
1029
7524
4089
10560
4067
5759
72
2528
3448
7323
4894
3346
9058
2924
10550
8453
8924
8172
9072
1029
10562
7497
8153
2023
1029
7524
4089
10560
4067
5759
72
2528
2523
9798
7428
6000
9240
6116
5911
5501
9131
3008
4561
11060
9131
3008
8343
4272
3255
193
10348
9367
1650
6459
5440
2486
4204
1841
7076
2640
7818
4224
6905
5981
10348
193
5219
11321
6659
9142
5062
3932
2168
7626
3495
5023
4871
7107
9061
826
5023
4871
11057
2168
7626
3495
7413
896
9272
3144
896
9272
10187
6248
6314
9169
10823
3144
896
1819
7285
6314
9169
10823
3144
896
9272
10187
9062
6248
9062
9169
10823
3144
7191
2760
10670
10219
10138
8543
3244
4452
2932
10908
7708
141
3436
10072
4072
4321
3565
638
7322
3647
8806
9851
7191
7948
6055
8071
1122
7317
9368
1977
4402
2632
4735
2002
7831
5730
4673
10219
10138
3353
9065
1542
4863
4072
4321
3565
638
7322
3647
8806
9851
7191
2760
10670
10219
10138
3353
8088
4863
4072
4321
3565
638
7322
3647
8806
9851
7191
2760
10670
10219
10138
8543
10908
7708
141
6650
10072
4072
4321
3565
638
7322
3647
8806
9851
7191
2760
10670
10219
10138
3353
8088
1108
5459
7708
141
6650
10072
4072
4321
3565
638
7322
3647
8806
9851
7191
2760
10670
10219
7000
8834
3244
1835
8053
5877
7831
5730
4673
10219
10138
3353
8088
1108
3436
10072
4072
4321
3565
638
7322
3647
8806
9851
7191
3144
896
1819
5404
145
9414
230
2759
4961
1697
4100
10977
101
7202
5759
72
2528
2523
145
7202
5759
72
2528
2523
9798
4858
9291
9061
826
7413
2705
27
499
11321
5219
6984
8343
3008
4561
11060
6052
3389
4563
7107
9061
826
7413
2705
27
499
11321
5219
6984
8343
4272
6271
8068
4895
7025
7818
4224
6905
10237
279
1841
5832
9020
7641
7112
8630
9861
3490
5478
7292
7499
5034
8793
7603
8015
8793
1614
1084
9385
10443
5604
9336
7603
8793
5034
4396
2525
3372
3897
8475
6271
8068
5981
9367
1650
3561
4033
2775
5576
8231
2815
8119
9962
10043
1074
10043
8573
8196
7979
8326
3743
499
11321
5219
6984
8343
3008
4561
11060
6052
7965
5911
5501
9131
3008
4561
11060
6052
3389
2916
5062
3932
2168
7626
3495
7413
2705
27
499
11321
5219
193
10348
9367
1650
6459
5440
10237
279
1841
5832
9020
7641
7112
8630
11005
10105
2318
5689
7389
8591
5478
7292
7499
5034
4396
9336
4396
11097
7102
5973
1215
7026
8503
1596
2657
11059
8503
11059
10877
9058
2924
988
7752
3124
6404
486
7938
6374
1889
9692
951
8498
1728
2888
11143
2634
7808
5118
5261
10824
7039
8541
8064
7293
1131
2110
7302
11210
8812
1967
3927
1839
8058
3499
3294
7039
8541
8064
8992
5057
2392
2728
10866
3792
416
2684
2728
2392
6617
1482
10077
6770
4678
881
2039
7389
7872
3186
4678
8216
8591
1614
1084
9385
10443
5604
3972
4543
9977
2924
988
5683
6284
3792
416
3972
4543
3327
5604
9336
4396
11097
7102
5973
580
89
7102
5973
580
5501
9131
3008
4561
11060
6052
3389
4563
8666
7428
7965
5911
5501
9131
3008
8343
6565
5501
9131
3008
8343
6565
89
69
11097
7102
5973
1215
5060
2523
9798
7428
6000
9240
1215
7026
7323
4894
10877
9058
2924
988
5683
6284
8704
1937
5683
6284
8704
1937
3124
6404
486
7938
6374
352
1728
2888
11100
7204
6250
8992
5057
665
1184
3851
1937
3124
6404
486
7938
3752
3370
9369
10562
7497
8153
2023
1029
7524
4089
10560
4067
5759
72
2528
2523
9798
7428
6000
9240
6116
580
89
7102
5973
1215
5060
9464
3448
2528
2523
9798
7428
6000
9240
1215
5060
9798
7428
6000
9240
1215
5060
9464
7026
8503
1596
2657
9977
2924
988
7752
3124
6404
486
7938
8988
486
7938
8988
11270
8329
4028
8924
8172
10560
4067
5759
6201
639
3346
9058
2924
988
7752
3124
6404
486
7938
6374
1889
8498
951
5936
9505
9144
8938
9277
5176
10422
4245
9144
9505
5936
951
9692
5273
1889
993
947
3799
6516
2268
7522
10899
5523
469
8330
8540
10482
3951
1699
8967
3363
7605
2829
3515
11215
7279
4539
9247
10658
5347
5140
2974
10414
4367
10174
4661
7855
10392
2658
7016
2738
9687
1636
5996
122
2109
5184
40
2556
6910
11048
5184
40
2556
171
1588
5133
2693
6639
5022
9748
950
6485
9315
8059
9540
6172
7844
8752
6875
5875
861
3885
3882
11256
5690
950
6485
9315
8059
9540
6172
7844
8752
5912
7303
5912
11054
7573
6280
1384
11297
5801
1432
1459
10680
5496
8872
10862
5076
5394
6970
8456
5076
5394
6970
8456
4355
11054
7573
6280
1384
11297
5801
1432
1459
10680
5496
8872
10862
5076
5394
10715
5822
9826
1263
6398
1604
10211
6754
11204
8625
2417
1978
5699
5962
9048
9748
950
6485
9315
6805
9686
9826
1263
6398
1604
1284
8625
2417
10465
8335
10859
7694
544
2448
9157
5290
6705
2665
7493
5388
1434
11204
8625
2417
10465
8335
10859
7694
2258
784
1373
9801
2139
9022
6397
2517
3481
9288
5283
41
9665
11182
3636
10330
4617
2101
9157
2306
26
9295
10317
7493
5388
1434
3669
841
10317
9295
10489
8505
540
5145
4365
6541
10753
5315
9028
4781
8360
8762
9166
8294
9750
5817
4345
7963
10247
9901
6014
4345
7963
9530
242
6978
10936
3783
1193
9330
10936
7185
8033
8873
8415
4646
8033
8873
3970
963
6089
7474
9794
2788
5265
10502
2788
5265
10502
8962
4748
1173
4077
2087
3703
534
8397
507
2087
8323
8962
8323
4748
1173
4077
2087
3703
6185
7956
5737
3528
1666
3648
9154
11117
8962
8323
2087
3703
534
8397
716
823
8397
716
11063
823
716
11063
5197
6227
9671
837
10746
823
716
11063
5197
266
5668
10517
10806
8835
4656
9267
7688
10816
4063
2051
1172
4656
9267
2902
2919
11323
5735
65
5735
1950
7688
9267
2902
3229
7771
266
5668
10517
10806
8835
4656
9267
2902
2919
10846
6597
475
5208
3907
1666
9093
3689
3648
9154
10502
2788
9794
6370
4643
3413
9726
5469
9609
3980
3321
6333
10710
7012
2917
6376
6830
6953
4352
9270
4287
135
3500
2181
6006
5061
5676
10538
7073
821
8949
10626
2521
2310
9297
8851
5469
9609
10556
4201
3136
734
7474
6089
963
3970
819
9803
6681
11237
1077
1811
6099
5088
2661
6681
11237
7868
3783
1193
2238
11258
2030
3347
586
10789
842
5772
7265
6773
3610
5758
6469
11280
7360
2802
6594
1683
265
6702
8580
5818
8262
9080
6022
4401
6707
3164
7163
9696
5438
6576
474
1332
8932
5416
7213
5818
8262
5991
10880
7071
265
6702
8567
6799
6446
2727
558
3610
5758
10984
7775
10746
4532
465
8566
1526
586
1644
2030
3347
5784
4077
2087
507
10746
4532
465
1526
586
1644
9018
2592
10789
2592
9018
1644
2030
11258
9330
1633
10607
9398
10386
9018
1644
2030
3347
5784
8566
1526
465
4532
837
9671
6227
5197
10806
8835
4656
9267
7688
10816
10934
4063
2051
1172
8046
6959
9149
2967
3371
6515
10792
4999
8531
2967
231
2579
10534
77
2108
8190
360
6361
9756
1183
9608
2028
10021
1360
995
9710
2579
10534
1360
995
9710
652
8911
1433
8911
10575
9710
652
4180
6798
1433
10079
415
10575
9710
2579
10534
77
2108
8190
360
6361
9756
1183
9608
2028
7270
10021
7270
77
2108
8190
360
6361
1665
4733
4463
7663
6385
1818
47
1063
4320
4918
3607
6041
3631
1063
4320
4918
3607
1147
8758
7257
10208
11090
5961
604
4918
3607
5635
2265
4358
487
6361
1665
4733
4463
7663
11245
3587
1237
4419
8998
1630
5033
10639
610
11323
2919
10846
6597
8721
10015
3528
1666
9093
3689
3648
9154
4772
7078
2505
2089
4604
3872
10692
2454
10626
6667
85
2505
6379
4772
7078
2505
2089
7757
3269
3011
1463
6363
1376
7549
7129
10639
610
65
10727
8998
1630
8723
720
1280
5492
3751
6003
6802
47
1063
4320
4918
3607
6041
9413
3631
1063
4320
4918
3607
6041
9413
2050
7689
2050
2511
5240
1665
4733
4463
7663
6385
10687
4463
7663
11245
7241
10282
4188
10934
132
8464
11324
8185
5189
6959
9149
2967
3371
6515
10792
6366
9906
9312
2021
6798
1433
10079
520
568
10994
7934
6836
5182
7635
9499
2315
3243
1858
4928
4593
6934
3243
1858
4928
4593
6934
6380
11165
2146
6934
6380
11165
2832
11165
2146
6934
3243
4680
2037
7635
9499
2315
10918
3009
4670
9375
1027
7395
5053
6594
1683
2146
11165
2832
9378
4670
9375
5453
3095
4999
8531
2967
3371
6515
10792
6366
4670
9375
1027
8787
5938
1027
7395
5053
8220
9375
1027
7395
5053
6594
10667
6799
4650
6423
8548
5790
5232
138
11238
6697
10012
5772
7265
6773
3610
5758
6469
11280
7360
2802
6594
1683
265
6702
8580
685
4884
8567
6799
4650
6423
8548
5790
5232
8057
2487
2537
4923
3795
138
11238
6697
10012
5772
7265
8734
10984
7775
10746
4532
465
1526
586
1644
9018
10386
9398
10607
11306
9530
11108
2059
3153
5349
4983
542
3937
6333
135
3500
2181
6006
5061
5676
10538
5482
9014
567
8487
3319
5645
1428
2581
7865
1946
9399
4137
6235
6928
9890
5909
4811
4430
6733
4098
1335
2048
9898
9557
4430
6733
4098
10513
7152
744
10692
2454
5631
2048
9898
4841
821
8949
2521
2310
9297
9513
6142
2310
9297
8851
10538
7073
11031
821
8949
10626
6667
4317
6142
2310
9297
8851
5469
9609
10556
5262
4201
3136
11004
2038
963
3970
5039
2038
5039
1810
825
11004
2038
963
3970
6386
4502
8680
7269
6748
3783
1193
9330
10936
7185
4502
3783
1193
9330
10936
7185
4502
8680
7970
1587
9803
819
6386
4502
8680
4251
6091
2771
7712
2287
6544
24
3184
10791
4251
8680
7970
7407
5687
7141
3052
5864
8361
7873
11197
6360
5259
1587
9803
819
6386
4502
8680
7269
7868
6748
6091
4251
8680
7970
1587
9803
819
3970
8873
8415
6262
3321
5688
3500
2181
5441
7478
6233
9495
1539
567
8487
3319
5482
9014
8487
3319
3753
1428
2581
7865
1946
9399
4137
6235
6928
37
7860
1061
1919
9701
11031
3049
8160
2647
9557
37
7860
11086
8563
4627
7865
1946
9399
4137
3803
997
13
1928
8796
6538
4601
4265
1928
8796
6538
9876
5992
677
8067
7207
8067
3608
5354
6083
2530
958
9399
4137
6235
6928
9890
5909
4811
7215
13
1928
8796
6538
4601
4370
4098
10513
211
2618
866
1661
9470
3489
6715
596
6581
5096
4826
211
3039
7152
744
2454
5631
10167
10513
211
2618
9876
1661
9470
3489
4371
9590
4826
5096
6581
358
1277
10845
9983
5096
6581
358
5389
9669
1559
7542
2703
3642
1559
7542
2864
1010
7653
5362
8908
5030
1069
7227
4660
88
7156
4538
7692
5680
3030
10175
9951
1103
3352
400
1069
7072
7131
9344
7841
7131
9344
10599
1010
2981
3854
2703
3642
5589
2196
5805
3854
2981
6436
3854
2981
6436
7653
5362
8908
640
11202
2331
10767
1962
6522
4616
3702
9700
6522
1962
817
8995
817
10767
5520
4202
2099
11083
8908
640
11202
5520
4202
640
11202
5520
4202
2099
4616
3702
7266
8447
8738
869
9554
5147
8269
2461
2886
5344
167
4075
2196
5805
2703
7542
2981
6436
3764
11083
3764
6436
3854
2703
3642
5589
7083
9669
1559
5771
9204
3727
1567
9899
8585
10821
1297
3727
1567
9899
7911
694
2514
8410
2603
677
8067
7207
8796
6538
9876
1661
9470
3489
4371
9470
3489
6715
7763
5828
3156
11326
9066
5797
5771
1559
9669
5389
358
1277
1935
3627
10845
9983
3039
7152
744
10692
3872
6667
4317
6370
4643
3413
8851
5469
9726
734
3136
4201
10556
9609
3980
5688
3500
7128
5303
7383
2866
9219
10631
4352
9270
4287
7128
5303
7383
2866
9219
4138
1678
4209
2578
5497
6478
10062
8715
3594
5691
7134
2041
912
11291
6712
5322
9986
6688
7687
5536
5691
3224
2441
8016
2243
10757
10753
5315
6591
3311
1856
4923
3135
8360
8762
9166
8294
9750
5817
761
11108
2059
2735
10409
6956
8415
4646
6978
10936
7185
8033
8873
8415
6262
10409
2735
2059
5506
555
9361
9959
5943
2323
11291
6712
5322
9986
2041
912
11291
2323
6095
2441
8016
2243
10757
10753
5315
6591
8282
8203
10753
5315
6591
3311
6254
10383
2729
8203
10753
5315
6591
8282
10383
2729
8203
10753
5315
9028
9750
5817
761
11108
2059
3153
5349
4983
542
2735
2059
5506
555
9361
11305
9750
5817
761
11108
2059
5506
555
9361
11305
9959
5943
6712
5322
9986
6688
7687
6830
6953
4352
9270
4287
7128
5303
7383
2866
9219
4138
10399
2247
7863
5536
5691
3224
10862
5076
5394
9686
9826
1263
6398
1604
1284
8625
2417
10465
8335
10859
1721
5699
5962
3974
1721
10859
2599
544
2448
9157
2306
26
3455
1111
1125
2477
10686
9298
5967
8194
9650
511
7166
7636
1304
6400
3766
2662
7091
1624
3824
5568
8194
9650
511
7166
7636
1304
6400
9789
8504
1304
6400
9789
8313
4850
7220
5457
10847
8504
1304
7636
7166
4263
10510
5369
1160
7423
3016
5888
10697
9800
6745
6658
9924
3798
9392
1361
4406
6696
7355
9785
331
156
3880
9214
474
1332
8932
5416
7213
5818
8262
9080
5504
10880
7071
265
6702
8580
5818
8262
9080
6022
8253
5209
8420
3046
313
9723
6707
3164
7163
9696
5438
5416
7213
5818
8262
9080
5504
7417
5803
10667
6446
2727
558
3610
5758
10984
7775
10746
4532
465
1526
586
1644
9018
10386
9398
10607
11306
9530
11108
2059
5506
555
9361
11305
2096
9028
9750
5817
4345
7963
9530
11306
10607
9398
11328
9901
2114
3545
138
11238
8548
5790
5232
8057
2487
1518
2075
6720
10179
331
156
3880
9214
9111
474
1332
7291
9230
1518
2075
6720
10179
331
156
4859
1369
7561
1501
1669
5787
313
9723
137
5209
8420
3046
4626
9102
6214
6938
3531
2289
8446
7046
3094
4288
1181
7907
3947
6760
4766
7960
1322
3775
5837
5431
4288
3330
9095
9327
3147
196
2471
4880
3147
2471
4278
2414
1422
10130
3256
849
9928
8778
4796
6850
8174
7381
71
4520
4443
6648
8316
2692
5132
2277
7532
9645
906
8856
6483
7734
4104
1583
5540
9753
4080
6698
2057
2646
8237
8587
6011
8979
5063
1436
9021
10456
9938
4113
2240
6821
4301
2493
1412
7392
8516
3464
2419
7661
3107
11276
9584
1365
2300
9736
2965
3462
7332
4711
5032
7280
8187
7252
6324
3680
6036
9425
638
7322
3647
8806
9851
7191
2760
10670
10219
10138
3353
8088
1108
5459
8543
3244
4452
1247
10170
8492
1041
4097
4434
8686
9211
2557
1586
9665
11182
3636
10330
4617
2101
9157
2306
26
9295
10489
8505
540
1890
6657
10686
9298
5967
8194
5568
5831
2753
4545
4490
10229
581
1624
3824
5568
8194
9650
511
7166
7636
1304
6400
9789
8313
2680
7826
5750
4513
7940
5071
9830
11171
10228
472
7753
1111
1125
2477
1194
2333
2477
1194
2333
6657
2333
1194
2477
10686
9298
5967
8194
9650
511
7166
7636
1304
6400
9789
8313
2680
3725
10872
2962
11239
3430
472
870
2306
6705
2665
7493
5388
1434
3669
385
5822
9826
1263
6398
6485
9315
6805
6970
8456
4355
8872
10862
3224
5691
3594
2247
7863
6830
6953
4352
9270
4287
7128
5303
7383
2866
9219
10631
8910
5303
7383
2866
9219
10631
4352
9270
4287
135
3500
2181
5441
7478
6233
9495
1539
567
8487
3319
5645
1486
9138
2545
2440
11009
2681
2530
6083
3608
8067
7207
8796
6538
9876
1661
9470
3489
6715
7763
11326
9066
5797
5771
9204
10028
9580
3148
2864
7841
7131
7072
2767
4660
88
7156
4538
7692
5680
3030
1164
7673
8990
6781
7500
2319
1761
5393
9147
4522
7746
2499
9727
6337
521
10207
10024
1207
5107
7268
2826
2062
4584
6359
4417
10945
4340
3634
3626
3387
5399
3634
3626
3387
2411
6759
68
2515
10024
1207
5107
7268
2826
2062
4584
6359
4417
10945
4340
3634
3626
3387
10346
5399
2464
6359
4417
10945
4340
3634
10959
8201
10945
4340
3634
3626
3387
2411
10346
8171
9453
7898
6796
6206
4584
5910
7009
9276
7539
8510
7396
3231
5918
5435
10940
4183
3034
3857
5094
6661
4065
8403
7613
5742
10606
7820
5326
5651
4812
3643
3530
3010
6567
3530
3010
5326
5651
4812
10309
4998
7908
8562
6523
3141
4388
8562
6523
10095
10173
2241
4436
2328
459
2425
1591
7908
4812
3643
3530
6567
7438
3084
5628
605
9915
4794
1200
6272
6726
4391
10401
9278
5656
5185
10772
5535
10874
1566
8694
545
9985
11285
4310
10935
9285
3787
11265
7354
9831
2329
6209
10610
6209
7196
144
8906
3774
9012
3438
5744
4389
10018
5657
7888
5549
11312
617
7299
6713
6096
1109
1192
1195
3954
11246
435
8072
1451
6890
5218
707
3350
2329
6209
7196
11246
435
8072
1451
6890
5218
707
5282
7155
1736
11190
1377
2294
1377
8688
7454
11265
7354
7769
1736
11190
1377
5697
2997
3711
11190
1377
5697
4344
10729
711
9749
8295
5639
11162
4631
1104
4375
8694
1566
11174
11179
1768
7461
11232
9698
5872
1785
4966
7555
7461
5882
4178
10563
7987
7020
9374
5114
3424
4585
5286
10048
2883
10605
5748
1998
1076
5856
1076
1998
7949
11219
4784
9965
8639
2102
5748
1998
7949
11219
4784
3639
6004
6196
8445
8557
9601
6117
1299
10078
11109
1602
7244
1299
10078
10941
2999
6117
2999
10941
3554
2390
3210
20
1314
3698
5777
6219
9561
8245
2811
9944
1507
2054
3698
7772
4404
1799
9963
1314
20
4126
2914
7475
7915
8143
3261
8242
10284
9610
7601
4770
8116
1015
9187
1303
9084
7047
2497
6169
9445
7047
2497
4945
8227
10385
8728
160
4024
8728
1176
160
7914
7047
9084
11137
5770
2928
412
1015
8116
4770
2731
3091
6896
2401
5739
3289
2200
1289
6097
7915
3261
1289
6829
3334
6097
10089
3305
7238
1314
20
4126
7950
2390
7950
2955
2652
4255
11111
6119
1205
9704
10420
7996
11111
4255
8289
9744
3501
3092
7475
7915
8143
1988
3092
1988
10284
9610
7601
9744
4881
172
2389
2938
1383
10080
443
3225
8318
2073
2651
6647
9445
4578
11137
5770
3225
8318
2073
2651
6647
5677
3469
7691
4945
8227
1909
4848
7914
4848
4024
10385
1176
8728
4024
4848
1909
10261
257
4805
1188
790
7015
10067
5135
10705
1869
1206
6450
5017
6119
1905
7051
7919
5017
6119
1205
9704
11109
1602
2966
8725
6136
6600
5957
1905
7919
5017
6119
1205
9704
10420
7996
1205
9704
10420
7996
11111
4255
2652
10420
7996
11111
4255
2652
10941
3554
6490
2999
6117
9601
8557
8445
10968
2164
288
2811
9944
1507
2054
20
1314
3698
7772
1799
9963
1314
3698
5777
9802
8028
8954
7576
9636
5409
6247
10313
6621
5409
6247
10868
10313
6621
2913
9636
5744
4389
7482
1881
8810
10097
9314
1021
7122
1734
10180
6721
4053
11163
594
1235
9094
1663
4167
10569
5406
4346
4724
10536
5314
9563
6316
5650
11067
5028
595
4302
6972
2012
11337
4496
8829
7364
10617
6972
2012
11337
4496
4248
3908
9063
7489
1573
3388
1188
790
6389
3772
11140
582
9940
3388
1188
790
6389
8158
10067
5135
10705
8866
6326
172
6326
11310
1462
5135
10705
1869
1206
8092
2104
4881
7619
9841
2104
8092
8866
6326
172
2389
2938
8116
4770
2938
8116
4770
2731
3091
5739
3289
4299
2401
5739
3289
2200
8242
8484
9610
7601
4881
7619
7813
11111
4255
8289
9744
3501
11157
8289
9744
3501
11157
2955
2652
10941
2999
6117
9601
8557
8445
6196
1078
9705
413
5714
9372
4615
2164
4615
9561
9945
5714
9372
4615
6196
1078
431
3208
8556
2084
1321
8960
3944
2465
10355
8800
9561
8245
1507
2054
3698
5777
9802
4404
1799
9963
1314
20
4126
2914
11157
8289
9744
4881
7619
9841
6450
7813
11111
6119
1205
9704
11109
1602
7244
9654
4913
4386
11219
4784
3639
6004
6196
1078
2465
6756
5872
1785
10047
10563
7987
6071
7810
3424
4585
5286
10048
2883
10605
5748
1998
7949
11219
4784
3639
6004
6196
4615
2164
288
10968
