1
4388
4516
7281
2751
2239
3878
2364
3216
7851
3775
5837
5431
4288
3330
102
8336
7120
6410
8246
2512
3419
3171
7138
9265
3397
5465
3130
10198
10140
11194
5369
1160
7423
8774
8863
526
11024
8194
5568
5831
2753
4545
4490
9298
4818
2416
4926
2729
8203
10753
10757
2243
8016
2441
3224
10862
8872
5496
11167
7633
8095
623
6064
7664
4483
10970
2242
9520
8359
6286
2776
5325
2356
3045
312
6369
11115
2132
5340
11127
6923
485
7594
5398
3691
6977
8606
484
7999
4872
10551
5629
8885
9348
8622
3580
5551
1259
3630
11293
10146
6471
1245
1598
6677
6554
4159
1682
3068
4727
4771
8021
1860
7874
6012
3893
426
10086
6054
3454
3133
351
1465
7356
9640
2583
9402
233
2583
9402
451
6517
11154
5833
10159
6017
7001
5296
7656
2201
3728
7286
7928
3384
2957
374
2642
780
9859
5231
9431
5398
3691
6977
8606
484
7999
4872
10551
5629
8885
8737
1405
8576
8385
1735
8488
112
661
2362
2117
2476
8737
1405
8576
8385
1735
8488
112
2833
5930
7655
1240
3251
5956
6168
9875
9957
2622
291
11049
9585
4476
4623
3117
2092
2335
1039
999
2153
10030
10199
2335
1039
6822
9972
6775
7495
4166
11092
6468
4523
595
7914
4848
1909
10261
6930
4192
6647
5677
3469
6930
4192
6647
5677
3469
7691
1909
8227
4945
2497
6169
3469
7691
4945
2497
7047
9084
1303
412
1015
8116
4770
2731
3091
6896
9088
7482
1881
6042
5883
5356
8037
9732
2495
5835
813
7019
8996
10468
8716
1791
272
8037
9732
4970
5297
2134
9714
8568
9953
9130
5361
1561
3091
5739
3289
2200
1568
4299
3289
2200
8242
8484
2731
3091
5739
3289
2200
1289
6097
10089
6318
7328
942
3305
7238
1314
3698
5777
6219
6710
11334
9015
5432
8103
8028
8954
9963
1314
3698
5777
6219
9561
9945
9372
4615
6196
1078
9705
413
10355
8800
9561
6219
8103
5432
613
3351
9046
3532
6343
9012
3438
5744
4389
10018
3334
6318
3334
6829
5657
7888
5549
7299
2635
7888
5549
11312
1720
1144
5040
5813
7299
2635
10018
5657
7888
5549
11312
617
5040
5813
7299
2635
7888
5549
11312
1720
1144
617
7299
2635
10018
3334
6829
1568
4299
3289
2200
1289
6097
7915
8143
1988
3092
3501
9744
4881
7619
9841
6450
5017
6119
1205
9704
11109
1602
2966
4386
11219
4784
9965
8639
2102
5748
1998
7949
8725
6136
6600
5957
1905
7919
5017
6119
1205
9704
11109
1602
2966
4913
2966
8725
6136
6600
5957
1905
7919
5017
6119
1205
9704
11109
1602
7244
9654
8557
8445
6196
4615
9561
6219
6710
11334
9015
613
3351
634
10168
871
2298
1970
8235
8581
3739
6783
7508
7943
7676
10935
4310
545
8694
1566
11174
11179
1768
7461
5882
655
1768
7461
11232
8581
3739
6783
11174
11179
1768
7461
11232
1970
8235
8581
3739
6783
7943
6783
7508
545
9985
5639
11162
10173
10095
6523
903
5671
6197
364
2721
3943
5078
9933
3521
5229
956
1058
7857
9475
4755
1758
10193
3359
5521
5658
6589
9408
10525
10436
2120
9292
4728
5792
7627
10597
10919
8391
3268
5284
708
9679
1556
4674
7834
10271
6589
9408
10525
10436
2120
9292
4506
4728
3838
7627
10919
8391
3268
5284
708
9679
1556
4674
7834
10271
3359
10193
1758
4755
9475
7857
1058
956
5229
3521
8628
3547
673
5156
53
116
4919
9391
621
9879
7760
1660
8403
7494
2906
4779
1956
5966
8628
3547
673
5156
53
116
4919
9391
621
9879
7760
1660
8403
7494
2906
1701
7100
9500
1956
5966
8628
3547
673
5156
53
116
4919
9391
621
9879
7760
1660
8403
7494
2906
4779
3547
673
5156
53
116
4919
9391
621
9879
6900
10253
10756
5094
6661
11279
2770
3034
3857
10014
1057
4509
7183
7098
5080
9864
5686
10039
5158
8816
4274
7307
5522
5146
7625
8763
859
3681
7777
6881
5855
1337
6577
3221
4708
237
6135
9079
4708
8180
3978
237
776
3978
10185
9734
104
1684
11047
4158
6551
9895
2017
4720
7312
6826
7548
8284
1114
10531
1337
6577
3221
9079
6135
6577
3221
4383
1152
204
5895
4708
8180
1649
10041
6609
150
2649
4480
5408
10717
453
2893
2849
8632
9352
10825
6739
3422
1036
6092
9468
4658
2846
9326
5054
4010
8142
9813
2697
2413
8259
3664
8259
9326
5054
4010
8142
957
10041
6609
5357
5533
11110
11039
3575
5357
5533
11110
5181
5257
9145
8514
468
4050
2794
2440
958
9399
4137
6235
6928
37
7860
11086
8563
4627
2581
1428
5645
1486
9138
2545
10856
6264
10785
1414
4987
6514
4047
3640
6808
11116
5645
1486
9138
2545
10856
5288
1275
9711
898
7580
1425
2691
6828
302
7470
6514
4047
3640
6808
11116
5645
1486
9138
2545
10856
5288
8514
5288
1275
10181
418
5533
11110
5181
5257
9145
8514
5524
10450
4398
7233
10911
222
8902
199
3440
6081
8077
5964
10103
10684
2017
9895
1311
626
199
3440
6081
8077
5964
10103
10684
2017
9895
1311
11006
626
199
3440
6081
8077
5964
10103
10684
2017
9895
6551
5571
5328
4158
6551
5571
4349
776
3978
237
4708
8180
1649
5895
4383
1152
6527
2398
667
2122
3460
8094
8905
7777
6881
5855
1337
6577
3221
4708
8180
3978
10185
9734
4702
8202
6609
150
957
667
2122
3460
8094
9536
4912
10242
169
3681
7777
6881
5855
1337
6577
3221
4708
8180
3978
10185
9734
1649
5895
4383
1152
6527
2398
667
2122
3460
301
10203
3288
78
5456
1159
8394
775
4690
4743
10812
8331
9629
2697
4010
8142
957
10041
6609
5357
5533
11110
5181
5257
9145
8514
5524
10450
4398
7233
7113
4746
3163
626
199
8902
222
10665
3000
9282
2681
2530
6083
3608
8067
7207
8796
6538
4601
4370
4098
10513
7152
4902
6611
10213
7117
3269
5341
73
7117
3269
3011
411
10083
4348
6901
2375
1463
3790
6961
6379
10741
5208
3907
1666
9093
3689
3648
9154
11117
7956
5737
4639
11340
2919
11323
610
65
10727
10435
5251
8770
10816
10934
132
8464
1665
4733
4463
7663
11245
3587
1237
4419
796
4419
8998
1630
8723
720
1280
796
4419
8998
1630
8723
720
1280
7562
9619
720
1280
5492
6802
6385
1818
47
1063
4320
4918
9351
3103
10208
8124
3075
8914
6444
2772
2566
10699
2830
5808
1514
4469
970
3522
3356
5979
1224
1992
7957
10864
7957
3615
2043
371
1224
1992
7957
3615
2043
4911
7728
1182
11207
929
928
6519
1662
3996
1398
8260
4714
9774
2011
5767
409
6300
1123
10
2550
10495
409
6300
1123
10
2550
3331
585
9656
10
2550
10495
409
5767
2011
9774
4714
8260
1398
2940
10707
8347
4797
10760
2526
11228
4549
9461
8980
1796
3253
192
10707
8347
4797
10760
644
11228
4549
9461
8980
1796
3253
192
10707
8347
4797
10760
644
5900
9461
8980
1796
3253
192
10707
8347
4797
10760
644
5900
4549
9461
8980
1796
3253
3914
1266
2953
4689
11290
1085
6009
2804
2803
2942
7786
6302
4372
6399
3555
4707
3476
6922
8026
5418
1715
1386
1266
3914
3253
192
10707
2940
1662
6519
2747
11207
929
928
6519
1662
2940
10707
8347
4797
10760
644
5900
9461
8980
1796
3253
3914
1266
2953
4689
11290
6302
4372
908
8583
4283
9354
6724
3509
9936
5667
5270
10801
4823
7606
6543
5988
4384
7146
10413
2659
3718
2943
4707
3476
6922
8026
3710
953
4000
1921
2503
740
911
3874
6276
8605
456
6499
1038
10602
7099
9682
2345
9255
10532
5155
139
6824
6345
361
10148
7304
2609
10034
8022
5400
1049
1831
480
2148
3731
3814
282
1375
546
2450
8945
10594
4471
921
10107
4565
5723
6891
5444
3416
3622
4471
921
10107
4565
5723
6891
5243
907
3864
3219
5444
3416
3622
4471
921
9626
4648
2993
8354
4758
1409
5762
10303
2717
862
2138
3373
2854
6296
7022
8854
11003
7518
4019
10494
10921
1632
6307
3738
2260
1219
5807
4977
1267
2225
10407
5527
5623
8756
5926
10972
4679
7837
846
10340
6153
3487
1032
3655
7680
579
6194
11153
397
4679
7837
846
10340
6153
3487
1032
3655
7680
579
390
10701
458
8617
989
2895
1545
11072
4675
6158
2420
3671
766
6311
8224
9484
3671
766
5906
3498
6157
7425
3577
1996
5904
4864
8098
3820
4700
2225
10407
5527
5623
8756
457
7837
846
10340
6153
3487
259
3204
420
6926
5755
11303
4501
6414
7041
4672
2998
6414
7041
7090
8506
2889
7945
10809
7251
6039
4249
126
8215
4222
6917
9998
2998
11303
3227
6926
420
259
3204
10104
678
5765
6765
4014
126
43
1907
6640
10809
7251
6039
8506
4441
2907
3247
2035
8941
4112
11272
10127
1786
4581
10057
2144
6125
3611
7610
5953
10241
7392
9074
155
3924
9098
1018
3295
3625
2208
9124
5515
378
3839
6126
430
7481
9578
4988
6899
2049
1658
1447
10622
3859
6239
9522
876
8890
5365
8780
9035
7275
6877
8535
9005
7324
6877
1646
926
8051
1646
5102
6377
8544
447
8544
6377
8803
9973
9170
10907
3191
7040
1834
10907
7698
8379
4958
8442
414
10634
4341
10629
647
258
3228
10273
10634
10273
3228
10629
647
258
7125
3374
4068
5226
7125
3374
5082
9417
5291
10966
10827
6402
10578
5291
10966
10827
9651
148
10752
2535
189
6018
3629
9971
9307
2757
4420
6087
3426
3724
2044
3426
4586
5649
6402
10578
10027
10634
414
8442
4958
3426
3724
3379
6570
2535
189
6018
6666
7436
18
7225
7976
11213
4257
11132
10898
1694
6377
5102
8544
6377
1694
926
5211
2719
5167
1142
83
103
3950
5839
6663
5087
1317
4955
8050
3859
6239
9522
876
8890
8298
7797
407
3668
827
8900
2483
9522
876
8780
2700
10946
10447
5470
434
5774
657
1045
3992
5365
8780
5310
6020
10946
10447
5470
1555
42
608
8286
1792
6020
2359
1555
42
434
10216
6571
5221
6249
8659
7979
8326
3561
4033
2775
9962
8119
2815
2611
4164
9481
8196
7979
8326
5219
6984
8343
3008
4561
11060
6052
3389
4563
8666
8964
9291
9061
826
7413
2705
27
499
11321
5219
193
10348
9367
1650
6459
3819
949
6492
11077
1423
10651
10033
9926
9407
8659
9926
9407
5068
8656
10651
10033
9926
8659
9043
10848
7979
8196
8573
4033
3819
949
6492
2742
6593
4602
10638
8327
7111
860
7111
3778
1834
8052
8803
10365
1694
10898
8969
672
10005
315
8955
9971
9307
2757
7133
6508
1571
4096
9973
9170
8052
7852
1541
10758
2887
7324
9005
1198
5932
2534
4070
8327
4070
3778
7852
1541
10758
2534
4070
8327
7111
860
2384
1718
3393
11175
1355
10266
6933
9791
949
6492
2742
6593
4602
8693
9743
8936
9743
6159
8936
6421
1878
8476
7631
2183
434
5774
1910
7747
5221
6249
691
9788
7748
657
1045
87
6237
5774
1910
7747
1475
691
9043
10848
2789
9982
6525
8130
4026
1717
27
499
11321
5219
6984
8343
4272
6271
8068
4895
7025
5971
9861
4808
2318
3490
9861
4808
10105
6804
6563
5963
8633
2434
7105
10583
6563
4922
1261
4922
6563
5963
3578
1261
4922
6563
5963
8633
9737
4341
9737
3578
1261
4922
6563
5963
8633
2434
8345
9737
8633
2434
10004
3902
7125
3374
5082
2539
10822
7973
5082
2539
10822
11244
2961
11244
8707
7105
2690
7336
10561
5127
2085
7336
5127
2085
8923
1886
1727
7634
10561
5127
2085
3812
5491
7290
7807
6803
6460
5049
3435
4323
7590
5780
7590
4323
1357
3435
5049
3187
6460
5049
3435
8191
7866
439
4765
5622
9882
11094
9874
11094
9882
6803
7807
7290
5491
2791
34
3812
5491
2791
8707
7883
3902
647
258
7125
3374
4068
5226
3902
10004
8345
9737
8633
2434
10004
3902
7125
3374
5082
2539
7973
4068
5226
7125
3374
5082
2539
10822
11244
2961
1618
1752
2961
1618
6753
3368
6118
7521
6179
5721
1388
5836
3142
332
8572
3355
7439
3142
5836
79
10090
1854
4921
2343
251
11023
10350
9707
6274
6586
5195
3890
3512
5724
10239
4385
10600
8332
6815
4190
473
2348
2784
5844
612
6753
3368
1341
4385
10598
2348
612
3368
7958
10973
3071
844
2539
7973
5082
9417
5291
10966
10827
6402
10578
10027
1401
10273
10634
414
8442
4958
3426
3724
3379
8047
6087
3426
3724
3379
6570
3291
8074
6339
3379
6570
3291
8074
6339
1295
2044
3724
3379
6570
3291
10752
2785
7547
9233
3773
5309
148
8074
6339
1295
4586
5649
6402
10578
10027
1401
10723
258
7125
3374
5082
9417
5291
10966
10827
9651
5649
6402
10578
5291
10966
10827
9651
148
10752
2785
7547
4151
4557
7028
10186
8958
2116
7028
10186
8958
676
427
3238
4005
5125
7895
4655
8519
3125
10683
3616
7137
9510
10700
7583
5916
3233
261
11120
8182
7412
4291
9593
8631
8182
7412
4291
9593
243
3233
261
11120
6566
4257
2937
8969
10365
8969
672
5103
10365
8969
672
5103
9973
8803
10365
8969
672
10005
6508
5103
10365
8969
672
10005
1342
7133
4420
6087
3426
3724
3379
8047
2757
7133
6508
10005
315
8955
6666
7436
18
8305
5878
9242
7411
7985
7411
3616
7137
3013
10700
5517
7583
5916
3233
261
11120
8182
7412
4291
9593
8631
7412
4291
9593
243
2346
84
5352
9721
3475
6281
9510
7137
683
7224
10410
2491
1358
8328
3420
2020
7936
10209
9863
8698
5307
5789
7361
7828
1973
5789
3858
5709
9638
2536
10221
1211
10672
8874
4094
4380
1258
2113
10484
9308
9160
2312
9435
10496
723
2350
835
10262
2433
5718
5977
7944
4486
7991
10770
2433
10770
1416
6265
910
10855
5199
2045
1493
1780
3653
1590
10696
10064
3653
1780
1034
5014
6242
2284
10796
2572
767
1654
767
1397
1654
767
9432
9106
1674
1690
1850
1397
1654
1866
633
6085
4230
226
919
9148
7053
4061
4160
1551
10545
6077
10252
10131
5795
11035
1741
3431
11064
1677
6656
1803
1770
2595
7962
10831
10467
10781
1167
7789
8396
5248
7250
8749
3300
6132
5952
4861
2070
3665
7004
6656
1803
7420
5995
820
3804
3263
1118
5239
35
3925
4127
2541
6037
7437
9857
1217
2541
6037
7437
8766
10301
2166
1915
10956
7182
9975
10301
2166
1915
10956
7182
7409
9975
10301
180
1178
8602
7277
2949
2192
4698
2949
2192
4698
8551
7277
2006
260
3063
6107
742
6479
2207
3621
7732
801
8673
2645
9997
4645
5637
5495
5881
7584
2851
5495
6107
742
6479
2207
3621
7732
801
8673
2645
3855
9929
6226
9471
9612
2573
2047
2426
814
1471
7993
9941
3769
8673
2645
3855
9929
6226
9471
1832
2573
2047
2426
814
894
4769
2921
3276
6814
10424
10873
9212
10157
372
3252
3822
10608
10157
372
3252
8389
4719
8588
8473
11292
170
184
7947
4978
10200
9366
1079
9869
3307
9251
8199
7967
4296
1765
1096
8530
8904
1648
2400
10352
7050
1638
6542
9492
3734
4951
6848
2400
10352
3734
4951
3411
8322
4588
9196
9390
1390
2129
7624
1751
8241
10324
2170
5174
7624
1751
8241
3157
2165
382
9925
8827
367
10483
10354
7978
4230
226
919
8263
3602
8891
10545
6077
10252
10131
6131
11302
573
8218
5785
3700
3706
873
8027
788
7645
1515
7056
9306
2944
11130
6115
9244
8209
1757
2636
11233
682
9373
5316
497
5947
10782
4980
2479
11263
3257
8913
535
2638
6791
11263
3257
4980
497
2800
5728
5092
340
3676
7647
6327
4706
6892
3248
1189
4837
389
4688
5989
4837
9090
4059
2001
3266
11091
974
3057
1116
6800
8561
2922
401
1116
2254
10440
8371
4688
5989
6015
3197
5410
4524
8128
1437
7305
6253
3917
10765
5933
4435
8920
2600
10793
1370
2558
11341
1415
5109
897
7811
216
305
23
3567
5814
8480
8699
7421
4768
6944
5109
897
7811
216
5366
6957
3567
1746
998
946
1288
5814
8480
8699
7421
4768
6944
5109
1415
9858
3619
712
6860
6602
7744
10233
6908
8595
9703
11286
3315
9955
7986
1965
1481
7657
2142
7567
4767
1288
5814
8480
8699
7421
4768
6944
5109
1415
9858
3619
712
6860
4243
6908
10337
6860
4243
7744
10233
5160
8595
9703
11286
3315
9955
7986
1965
1481
7657
2142
7567
8926
10038
7421
4768
6944
5109
1415
8392
6288
11341
1415
9858
3619
8478
1081
10735
712
8478
1081
7515
11078
7515
3131
6602
3131
277
10233
6908
10337
6860
4243
7744
6602
3131
277
5800
5160
8595
9703
11286
3315
5594
10038
7421
4768
6944
5109
1415
8392
477
2254
1116
8561
5113
7403
10796
5095
2572
767
1654
4046
4910
1525
11
9017
8481
9677
2443
11042
11
9017
7359
550
1435
7538
6893
8481
9677
4842
2157
4936
3683
4936
10298
8322
4588
9196
9390
1390
2129
2222
8472
1016
7067
3215
350
6968
8569
483
9672
5626
1283
603
9181
1676
9672
5626
6561
8569
483
11294
7557
6693
5876
3181
684
6535
8627
7397
64
824
6825
5858
5682
2210
7139
4056
1043
5041
4054
5348
9253
9222
4558
4056
1043
7415
9618
4264
10197
9184
5306
11222
4362
2725
7379
8533
1703
8946
9516
4696
2941
7173
4468
5634
10698
4852
7809
10724
10698
6090
11292
7550
695
8588
8473
695
8588
4719
8527
184
7947
5898
2925
3977
11085
8732
3720
679
4804
9606
9251
8199
7967
4296
1765
8904
1648
1692
3558
1982
2927
4315
4879
1870
9353
1698
3017
5756
10102
3558
1982
7967
4296
9313
1679
918
3503
2778
4668
1855
90
9638
9591
249
5003
10546
5407
9422
2844
8491
6281
5517
10700
3013
9242
5878
7436
18
8305
5878
5106
10466
10186
8958
676
427
3238
4005
5125
6149
516
10151
4655
8519
3125
3109
5387
3456
9183
7079
332
3142
5836
1388
10090
2171
9707
6274
4025
11023
10350
1854
2218
9967
2623
1820
1920
1739
4687
2374
5907
4477
9384
4603
2187
7629
619
3896
1132
3058
1158
9623
6293
3865
3566
8368
1008
8055
9644
6285
10690
6293
3865
3566
3544
671
3609
5897
6069
6789
3418
8722
8600
2040
6606
1402
758
3222
357
1407
1443
1407
758
3222
4421
1356
8496
3609
5897
6069
6789
3418
8722
8600
2040
3127
8597
5397
5791
6598
7803
8755
1169
1893
7830
3559
7830
11012
3286
11012
1756
7546
9358
4062
9819
1756
7546
9358
10595
7803
9286
834
6598
2485
10595
9358
4062
4032
1979
8634
1979
5659
6473
8828
1968
10587
7684
8247
3474
7362
5555
10588
5083
5091
9340
9184
5306
11222
4362
2725
7379
8533
1703
8946
9516
4696
2941
7173
4468
5634
7550
695
8588
4719
8527
5898
2925
3977
11085
8732
5853
9366
1382
4799
10839
320
10323
7809
2941
4696
290
9805
4541
6174
1923
3366
9415
6755
10839
4799
10969
10200
9366
1079
9880
3720
1318
9869
3307
9251
8199
7967
4296
9313
1096
8530
7050
1638
6542
3503
9792
1547
2702
3549
4936
2157
4842
9137
8062
2165
382
4130
367
10483
10354
433
10922
3168
6801
10790
4910
1525
11042
2443
9163
6801
10790
4910
1525
11
9017
7359
6893
7538
10227
1435
550
10748
1146
9538
6893
7538
1435
550
1493
1780
3653
1590
10696
5609
10064
3653
1780
1034
5014
2284
8380
3467
5609
3467
6800
1116
401
8561
6800
1116
3057
5773
2922
4335
2922
5773
5896
3266
11091
974
3057
5773
5896
4280
8822
1674
1690
1850
1397
1654
1866
4712
4583
6876
1496
4712
4583
7380
9909
11264
4718
2531
1795
11233
4489
1246
10931
2636
11233
682
9373
7592
4718
2531
1795
354
1772
7272
1772
7031
7565
7534
10252
6077
4259
8801
8891
10545
1551
8272
2248
7990
2248
8370
7519
5588
4662
11029
176
92
4644
10314
7766
7611
6085
471
10790
6801
3168
10922
433
10354
7978
4230
226
919
9148
11029
176
92
4644
10314
8993
7611
7766
4200
4037
176
354
7249
6298
5950
1757
9343
7385
8209
4029
5978
5950
1757
9343
3726
10931
3726
1316
9325
3793
812
5931
9577
2367
6974
3246
6549
9009
609
5092
340
3676
5237
8463
3582
5947
10782
4980
497
2800
4289
10036
10316
3246
6549
9009
609
5092
340
3676
5237
8463
3582
5947
10782
4980
497
2800
4289
10036
10316
6114
6635
1788
889
7057
3841
8768
7366
874
5018
10036
10316
6114
6635
1788
889
8768
7366
874
6114
6635
1788
7366
9373
5316
2814
5018
10036
10316
6114
6635
1788
7366
9373
5316
2814
4289
10036
10316
6114
6635
1788
7366
9373
11240
11141
2479
11263
3257
4980
497
2800
4289
10036
10316
6114
6635
1788
889
7057
5931
9577
2367
1788
889
7057
5931
9577
2367
889
7057
5931
812
2808
9577
2367
1788
7366
9373
7592
1511
682
3841
4489
1246
10931
3726
8869
2995
8248
8687
637
1515
7056
6682
7645
1515
7056
9306
7565
7534
10252
6077
4259
8801
8891
10545
1551
8272
8370
7519
5588
7370
7990
2248
8370
7519
5588
4662
7053
4061
3602
8891
10545
6077
4259
5795
1086
2202
1175
7700
6913
10268
6932
603
9181
1676
7557
11294
2987
4260
1487
4541
6174
1923
3366
9415
6755
10839
320
10969
10200
9366
1079
0
1079
9880
5853
9366
1079
0
2912
9452
1870
9353
3366
1923
6174
4541
1487
5238
1698
3017
5756
9050
8019
1925
9047
8407
10102
3558
1765
1096
8530
7050
1638
6542
3503
2778
4946
2778
4668
1855
8090
4143
4668
1855
90
9472
8547
7361
5789
3858
10364
6520
5709
9638
9591
249
10621
7223
4862
8307
565
11242
2491
1358
8328
3420
4862
8307
565
3514
9041
9422
2083
9721
3475
6281
9510
7137
683
10683
5387
3456
1124
6993
8965
760
10949
3053
4294
5439
8066
1827
3456
9183
5010
8572
3355
7439
79
10090
1854
4921
1013
2374
4687
7089
10084
8843
3053
4294
5439
8066
1827
3456
1124
3355
7439
3142
5836
1388
5721
5985
10501
986
8862
2106
234
3512
5724
10239
4385
10600
4190
588
3741
7784
615
9913
7864
9913
2135
10807
5168
1620
5624
6497
3477
5166
9571
940
10849
5603
7422
3069
6412
1879
2355
6776
1521
939
267
4081
3076
4567
1953
10387
8114
3076
4567
1953
10387
8114
9968
311
6521
9055
6537
3185
7127
8545
9771
11206
1352
10708
11183
7881
3938
2667
8301
5150
2423
4275
4692
5100
492
194
10964
737
11032
9570
6857
514
1372
10152
7902
5514
9596
2354
5928
7738
3111
1885
3272
7738
5928
6438
6032
9596
5514
10644
3314
1062
8661
10210
143
4228
3062
8144
8786
7296
2585
2695
7231
8765
8483
7450
5427
329
1748
2682
972
8009
2797
9836
3111
4595
600
1885
3111
9836
2797
8009
972
2682
1748
9964
5427
329
164
5378
4533
6529
1594
9176
9305
183
3086
2959
6678
7528
8417
11177
5860
574
3865
3566
8368
1008
8055
9644
6285
10690
7954
10506
1158
9623
5120
783
8417
11177
5564
4157
4725
7877
9667
50
4157
5564
4991
1681
8349
9116
2746
10671
5378
10671
8950
3873
9116
2746
5534
7145
10671
5378
4533
4073
7686
9958
6683
329
5427
4636
3190
9289
2453
6683
3190
9289
7066
4638
1622
1897
4934
8483
7450
5427
329
164
9958
6683
3190
9289
10878
6815
4190
588
7424
6982
588
3741
7784
8113
2135
8113
1933
4284
10652
4856
7005
5375
7424
6982
473
2784
5844
5965
1987
7483
4765
3541
4959
9104
4856
1987
4856
7005
5965
1987
4856
10652
1933
4284
5375
7424
6982
473
2348
612
3368
7958
9194
8934
10973
3071
6050
10676
1014
3234
5919
6898
9546
10676
1014
10254
5919
11283
6454
9887
8509
7010
6898
9546
1388
5721
5985
986
10501
6274
4025
11023
251
3570
4219
1033
6833
5907
4477
9384
8162
6678
7528
8417
11177
5564
4991
981
2369
7237
669
10906
5534
7145
4533
6529
4073
7686
9958
6683
3190
9289
10878
7066
4638
7864
9913
2135
8113
1933
4284
10652
4856
9104
7483
9104
4959
1530
3709
10652
4856
7005
5375
7424
6982
473
2348
612
3368
1341
5724
1070
10584
9324
179
6966
10058
6586
8862
7521
6179
5985
986
8862
2106
234
3512
5724
10239
8332
543
2453
6683
329
164
5378
10671
2746
9116
8349
8880
10487
2543
1681
8349
8880
10487
128
7457
5119
1951
2674
8303
5119
1951
7877
9667
128
7457
5119
1951
6426
3172
832
4182
9286
1443
1407
357
5138
5434
6426
3172
8689
5854
5153
2674
8303
5119
1951
6426
3172
832
4182
9286
1443
1407
357
5138
832
4182
9286
1443
1407
357
5138
5434
4725
5434
5138
357
1407
1443
834
6598
2485
8634
4146
8597
5397
4146
8634
1979
4032
4062
9819
1756
7546
7966
7803
9286
1443
1407
357
5138
5434
4725
4157
5564
4991
981
2369
9365
183
9305
6906
8944
1594
3935
7686
9958
6683
329
164
5378
4533
6529
1594
9176
9356
9811
6529
1594
9176
9356
669
9811
7145
10671
2746
9116
8349
8880
10487
2543
50
4157
5564
4991
981
2369
9365
183
9305
6906
4226
4415
1033
6833
5907
4477
9384
4603
3670
5616
4279
498
6480
9939
578
3337
9545
2801
263
5351
3837
977
498
6480
9939
578
3337
10406
3896
1132
3058
1158
10506
5712
4530
4971
9517
3239
5154
2341
209
10448
6948
6148
1955
9064
3909
3574
8895
10572
5027
1611
8620
5046
2882
5733
8375
8620
5046
2786
6927
6396
5178
3835
8691
6869
5355
9599
10264
7404
6927
7404
452
2882
5733
8375
11211
6148
1955
9064
2341
209
1927
8055
9644
6285
10690
7954
10506
5712
4530
4971
9517
3239
5455
3909
3574
8895
4500
7044
8546
6148
1955
9064
2341
209
1927
8898
10725
2128
4455
9118
1411
6113
11211
6148
1955
9064
3909
6243
9632
5597
97
4890
7451
7311
8820
9807
6084
9465
8066
1827
3456
9183
7079
5387
10683
8777
7717
3784
11193
5056
7035
6234
4110
9241
6454
9887
653
7010
8509
11283
6454
9241
10254
4110
4142
9241
4142
653
9887
6454
11283
5919
3234
9546
10676
6050
3179
9218
3036
8079
3024
3128
7118
4667
4557
7035
6234
1362
3788
3036
8079
3024
3788
1014
10676
6050
3179
9218
3036
8079
9185
6344
