1
4004
4516
7281
2751
2239
3878
2364
3216
7851
2723
11107
10530
10154
2094
656
1126
7030
3046
313
9723
6707
3164
7163
9696
9080
5504
7417
8664
4593
6934
6380
9378
4670
9375
5453
1110
5927
4656
9267
2902
2919
10846
5346
10462
3790
4726
7757
8917
3797
744
10167
1335
2048
6733
4370
4601
6538
9876
1661
9470
3489
9621
1567
9899
8585
7072
2767
6989
2159
3735
2159
6989
10232
2437
4191
9268
1934
7253
7208
7506
11087
1134
8601
7393
380
3099
5793
10111
7027
4760
4681
7805
11295
11087
1134
8601
7393
380
3099
5793
6946
2353
4760
4681
7805
5964
10103
10684
4932
8010
9921
2299
994
3989
134
1458
9582
6329
6579
1804
1777
6367
3274
2699
7825
3274
2699
489
2613
8063
1560
5372
5052
7170
7140
5850
2984
496
8405
4003
7103
318
6730
7140
5850
5073
2984
496
8405
4003
7103
4170
6461
1135
2394
962
8616
718
4526
6177
9870
2494
971
11022
6432
1296
11131
4507
4865
4282
7253
7208
7506
11087
1134
8601
7393
380
10232
6989
2159
5312
2584
6845
9462
11304
5073
2984
496
8405
4003
7103
6061
3386
11022
6779
971
2494
5579
8010
4932
1306
11131
4507
10103
10684
2017
9895
1311
11006
9423
1684
11047
4158
6551
5571
4349
10185
5328
104
1684
990
11039
11110
10181
5101
453
10717
6761
5336
5152
6291
8632
9352
10825
4353
9630
3270
5247
9624
6291
448
9630
3270
6092
1036
3422
6739
2795
1576
7901
5672
3886
4495
6259
727
2422
3037
9186
10457
177
9520
5531
7135
2034
675
3417
2282
464
8381
7055
1100
152
3083
10892
7706
1093
8529
4658
2846
9624
6291
8632
773
6828
10388
1576
7901
5672
3886
4903
5830
1528
9304
2181
5441
2031
1260
5443
2468
1528
3960
2578
5497
6478
10062
4209
2578
5497
5830
1528
9304
2818
1260
1442
5443
2031
1442
5443
2468
7901
5672
3886
4495
6259
9722
1516
4658
9468
6092
1036
1516
4658
9468
5247
3270
6092
1036
3422
4353
9630
3270
6092
1036
3422
6739
6208
10388
746
302
7470
9914
898
7580
1425
2691
6828
302
7470
6514
4047
3640
9751
2468
2818
9304
2181
6006
5441
7478
6233
9495
1539
567
8487
6472
6808
3640
6808
11116
6472
6808
3640
9751
746
10388
6208
773
6828
10388
6208
6739
2795
5672
3886
4903
6478
5161
10441
4495
6259
727
2422
10163
4614
727
2422
10457
9186
8251
5531
7135
4466
2282
8381
1100
9808
9234
4414
5043
284
2366
1093
2739
2034
8251
5531
7135
4090
6171
6375
1702
11172
4466
2282
464
462
11118
11172
1702
4090
6171
8359
6286
2776
5325
4703
3543
8961
4052
5670
4703
3543
462
3543
4703
5670
10381
6369
10381
2356
3045
9258
6102
10876
2701
7705
1326
6762
6744
2568
2792
9575
1290
1494
2988
5311
10551
5279
3939
5311
9745
484
8606
6977
5231
9859
780
8443
3590
1478
1922
2008
8629
484
8606
6977
5231
9431
5398
3691
6348
8606
6977
5231
9431
7024
115
10509
6470
8539
3354
6424
10928
8636
7426
6787
10928
8636
2018
9526
7426
2615
8170
5820
9902
7924
9033
10429
4451
2291
7699
10429
4451
2291
4839
5456
1159
8394
775
4690
4743
5706
9917
4330
1159
8394
775
11173
9234
4414
7161
10879
8331
9629
2697
2413
8259
9326
5054
4010
8142
957
10041
6609
150
2649
2412
5408
10717
5054
4010
8142
9813
2697
4010
8142
2649
4480
418
5533
11110
5181
5257
9145
8514
5524
10450
4398
2544
990
11039
3575
8202
6609
5357
5533
11110
10181
418
150
957
667
2122
3460
8094
8905
10568
7575
2398
204
5895
4383
3029
1513
10568
2321
6527
2398
667
7575
2321
1152
204
10041
6609
150
2649
2412
4010
8142
9813
2697
9629
3664
5043
10455
1572
2846
9326
5336
5152
6291
8632
9352
10825
6739
3422
1036
6092
9468
4658
8529
2977
10512
7319
3037
2422
10163
3260
5481
8459
10970
8424
7169
5812
6286
2776
5325
2356
3045
9258
5812
9258
6102
312
6369
11115
2132
5670
2132
770
4576
425
5863
5937
321
3791
6463
9877
6680
10689
9293
6676
635
10509
115
9681
6676
9335
1903
9877
9428
5937
5863
425
5067
4373
9428
5937
321
2245
3593
1130
10559
9234
9808
152
4414
7161
2259
10812
8331
3189
5706
4743
10812
8331
3189
8497
3460
301
10203
4330
4690
4743
5706
9917
301
10203
3288
78
9706
4055
6504
4499
2176
795
8903
2873
9706
10296
6504
4499
2176
795
8903
2873
1353
5029
2555
4912
10242
1276
10798
5266
8956
6740
3569
7369
2478
7399
4924
8346
5570
8069
4553
2478
7399
8652
2621
5080
9864
6985
6151
1498
6329
6579
6960
3624
1777
1804
8493
8512
441
3400
6477
7825
6477
5385
2373
4193
2372
4584
6359
4417
10945
4340
3634
10959
6505
1959
7036
6495
4121
8670
5218
707
5282
7155
1736
3298
5293
7582
9576
5
1097
5
11185
5681
2502
1876
5925
6990
8080
5658
6589
9408
10525
10436
2120
9292
4506
4728
3838
5792
7627
10919
8391
3268
5284
708
9679
1556
4674
7834
10271
7678
5382
8883
6568
8200
2878
10008
4417
10945
4340
8201
10945
4340
3634
3626
3387
10346
8171
9453
8171
2464
6359
4417
10945
4340
3634
3626
8538
5462
6717
1345
11308
1761
5393
9147
7746
2499
9727
3990
7212
10207
10024
9083
2399
1053
10914
9209
3309
8256
805
8711
253
9213
6845
9462
11304
5073
2984
496
8405
10020
4003
7103
6061
3386
11022
6432
4282
1296
11131
4507
4865
11295
11087
1134
8601
7393
380
10232
6989
10020
4003
7103
318
6730
7170
5052
1623
1135
2394
10304
726
1560
5372
7607
5164
9209
3309
8256
10679
636
1972
805
8711
253
9213
6845
9462
11304
5073
2984
496
8405
4003
7103
6061
3386
11022
971
2494
9870
6177
4526
4599
10129
5490
10861
10675
6960
6579
6496
3482
210
2992
2972
7098
5633
8346
7649
2621
8652
6601
8635
7946
3201
8956
6740
2567
7558
5029
2555
8094
9536
169
10242
1276
8763
859
3681
7777
6881
5855
1337
10531
1114
4954
630
8284
1114
4954
7307
5522
5146
7625
8763
859
5522
7307
4274
8816
5696
5146
7625
5266
8956
6740
3569
2203
4473
717
8712
7570
3569
7369
6684
6992
8877
7894
5543
717
4473
7570
8712
2567
6740
3569
2203
5543
1227
8894
2176
795
8903
2873
6634
8712
7570
3569
2203
5543
1227
8894
2176
795
8903
2873
9706
4055
8903
2873
1353
5029
2555
4912
10242
1276
10798
7558
5029
2555
4912
10242
169
3681
7777
6881
6743
4979
5522
7307
10613
134
1458
10580
5686
10039
5158
8816
4274
10613
134
1458
9582
6329
6579
1804
1777
6367
3274
2699
9746
8644
10914
9209
3309
8256
10679
636
5073
2984
496
8405
4003
7103
6061
3386
11022
971
2494
5579
8010
9921
4620
6392
5948
994
2299
9921
4620
9579
3552
7312
6826
7548
8284
630
7367
5948
6392
7548
8284
630
7367
3989
134
1458
9582
6329
6579
1804
3400
6477
5385
324
7825
2699
489
8063
1560
5372
7607
5164
9209
9246
2699
7825
6477
5385
2373
4448
9276
7009
5910
4584
9548
11195
3421
7331
337
8922
4008
4875
879
8188
7839
9919
2449
11195
3421
7331
337
8922
10290
8325
7009
5910
4584
6206
6796
2826
2062
4584
2372
4193
2373
5385
324
9746
8644
10914
9209
9246
2699
7825
6477
3957
1719
8510
7396
3231
5918
5435
4194
11008
4378
9500
1956
5966
8628
3547
673
9910
10454
1778
5809
5945
8624
1328
3943
5078
9933
10454
1778
4186
3199
5742
3141
4388
5651
5326
3010
3530
6567
7438
3084
5628
605
9915
7438
3084
8340
3562
2313
7484
5447
3236
2714
2100
4641
3236
2313
3562
5628
605
6726
4757
4470
605
6726
4391
10401
9278
9410
9809
4391
3888
7179
3606
2730
3888
6272
9915
4794
6494
2769
1200
6272
6726
4391
10401
9278
5656
5185
117
1035
8986
10471
10640
1807
9410
10274
424
9904
1035
8986
424
9904
4585
5286
10048
2252
1947
5286
713
10938
3133
3454
662
4467
2304
7488
5746
2908
7774
7874
6012
3073
8029
3415
9152
9804
5856
5271
9152
7878
8029
3415
9804
9152
7878
7458
1329
1368
8692
10960
713
6054
3454
3133
6078
9904
1035
8986
11149
5656
5185
10772
5535
8694
4375
1104
4631
11162
2241
4436
2328
459
2425
1591
7908
4998
10486
6110
4076
7711
10486
4998
10309
6494
2769
6110
4076
9688
11007
7710
10106
3888
7179
4076
7711
5337
2076
1591
2425
2241
11162
10173
10095
6523
903
5671
6197
364
2721
1095
10357
1095
1938
10357
8892
8534
11018
3707
7582
5293
8841
5494
7155
1736
11190
1377
5697
10729
711
9749
8295
2552
1599
10505
8859
8295
5639
2455
10095
6523
3141
6523
903
8859
10505
9662
9195
7920
9195
9662
6197
364
2588
5809
5945
1328
8624
5078
9933
10454
1778
4186
3199
3583
6545
9097
5671
6197
9662
10505
8859
8295
5639
11162
10173
2241
11162
5639
9749
8295
5639
2455
10173
2241
4436
4631
1104
8524
5535
10874
1566
11174
11179
1768
655
2990
11179
11174
4985
11135
10772
10106
10401
9278
9410
10274
5968
4269
17
9640
7356
4716
2065
7488
5746
4900
7774
6066
9676
8085
1682
1860
7874
6012
1368
426
10086
10960
10048
2883
1321
8960
3944
8556
8639
2102
4677
399
10605
5748
1998
7949
8725
6136
9077
5902
3073
6012
3893
426
1368
8692
2883
10605
399
4677
2084
1321
8960
2252
7174
6756
5872
1785
10047
10563
4178
7555
4966
10047
809
1947
7810
3424
4585
7108
10938
3133
351
662
351
4413
5606
17
9640
2583
9402
233
10523
10359
1695
706
2079
3022
5833
10159
9337
3968
7754
6403
9498
9140
11275
7216
1922
2008
9317
3580
11139
8107
3692
4640
9337
3968
9498
7754
11156
7656
2201
3728
7286
6010
3656
7928
3384
2957
2018
9526
5783
1653
2302
8170
5820
9902
7924
5593
6787
10928
6424
3354
635
10509
115
7024
9431
5398
7594
917
9681
115
7024
9431
5398
7594
485
1918
2988
5815
11196
4246
4376
10178
696
3173
7337
9616
2780
4754
4460
8161
3407
6902
10390
9911
5611
2741
2317
7665
5561
5274
10418
9881
875
10913
9030
2670
5542
10837
5821
2741
2317
7665
6065
5433
6109
6145
4634
8878
7469
8140
6238
8526
8038
6763
7455
882
9628
1557
5883
5356
9866
2347
7074
7094
3264
1271
7788
4416
3140
10464
10587
7684
8247
3474
4445
3835
8691
2989
8691
6869
5355
9599
709
9832
6869
5355
9583
4334
10939
9427
4843
8006
1315
7239
4214
8357
5031
9854
11282
9974
6818
10137
6230
8368
1008
8898
10725
2128
4455
9118
396
9974
6818
2269
6230
8368
1008
8055
9644
6285
10690
6293
3865
3566
7315
5098
9201
4421
1356
1402
758
3222
574
7315
5098
9201
3544
671
3609
5897
6069
4472
2904
6789
3418
8722
1054
8454
9790
1099
5994
2904
6789
3418
8319
1099
5994
343
10526
5260
10754
10681
7262
1094
3869
10886
5260
10754
8247
3474
7362
4336
5342
8551
943
5162
4382
180
1178
4325
2305
8602
4382
9011
2166
10301
180
9271
8091
505
9603
4803
8091
505
1958
4967
5412
5638
4938
10380
9996
9770
11080
10773
5401
5002
2828
2671
5148
3879
8857
8218
573
11302
1741
3431
5417
3423
4840
5417
3423
936
11064
1677
6656
1803
1770
6656
1803
7420
5995
820
3804
3263
1118
5239
3511
5002
2828
5201
5401
11046
3925
4127
35
5239
3511
1985
3804
3263
6772
6037
7437
8766
9857
1217
2541
3613
7560
4127
2541
6037
2524
9207
10781
6188
8396
5248
7250
8749
5485
9758
1319
7667
2595
1770
2595
7962
10831
10467
10781
1167
3444
2643
9935
3508
80
4054
5348
9253
7789
8396
6188
10467
10831
9888
7250
8749
3300
6132
5952
4861
2070
3665
1319
9758
1445
5952
4861
4423
4782
5012
1912
9620
7004
6656
1803
7420
5089
52
5299
5148
3879
573
8218
5785
2112
8450
1279
7959
3700
5201
1749
6031
873
8027
1916
10773
11080
9388
788
7645
1515
7056
6682
8027
788
7177
10412
2506
4238
6988
5575
4612
9996
9770
11080
9388
6001
2506
4238
9377
557
6449
9479
5605
4422
10660
3433
4071
5638
3220
1958
4967
3949
9271
8091
505
9603
6213
3613
7560
4127
35
3925
7560
3613
6213
9603
505
1958
4967
3949
1178
8602
7277
2949
2192
2921
3276
6814
10424
2080
2533
2086
4527
3777
1366
2280
1239
607
1150
10032
1968
1366
2280
1239
607
1150
5659
6473
8828
1968
10587
7684
3869
10754
10681
7262
9467
11144
4527
3777
904
6862
2768
2930
9054
342
6627
3154
6627
9796
3065
4042
9694
10470
7358
2755
2229
10881
9054
9796
3065
4042
9694
10470
5411
5157
1769
1391
3085
6786
5880
10592
4044
9903
4044
10592
5880
1964
8703
3551
10592
5880
11249
4118
1391
3396
10438
7556
6936
7738
3272
5157
7556
2404
10460
1797
6595
6831
4504
3526
5641
3662
9718
10706
345
6716
5754
4487
4412
6786
7595
294
10986
5754
1964
6218
7595
3041
9051
8861
7321
9038
529
3323
3781
8861
9051
294
10986
4412
278
3396
1391
3085
11249
3085
278
3085
6786
5880
1964
8703
3551
9903
4044
10592
5880
1964
6218
3041
10069
2264
772
3325
4554
7527
6027
4897
9627
3867
10815
10139
3921
9762
2069
8860
3563
8975
6963
1726
9797
5130
1165
7496
5471
7080
1202
8764
8219
4261
6788
1298
8219
8764
2614
10275
3966
1667
10263
7512
6075
6689
3938
2667
8301
5150
2423
4275
4692
5100
492
194
10964
737
11032
9570
6857
514
1372
10152
7902
5514
10644
3314
1062
8661
7974
2174
9215
10152
10870
2678
10430
9927
1372
10152
778
6857
10828
3963
4504
3526
3662
10143
2061
10828
3963
4504
3526
5641
9542
4487
4412
6786
7595
294
10986
5754
6716
8743
7496
1165
4152
3979
5452
3836
4040
5608
3781
3323
9038
529
5716
5608
3781
3323
529
5716
1216
3563
5753
4763
5242
4232
9889
9999
7043
8975
6963
4040
1216
3316
3921
9762
11209
1268
1873
572
4948
7434
6704
5489
10926
10920
10372
6030
5666
9497
6030
5666
9961
2963
8129
8643
4956
8867
3926
8054
2133
10164
525
7434
6704
2918
1505
5736
3921
9762
2069
10217
3493
6362
4763
5242
1577
10819
10275
190
1301
1202
7080
4427
3312
4140
1301
1202
7080
5471
4261
5471
7080
4427
5130
9797
9564
4152
3979
8743
3979
5452
3836
9564
9797
1726
3312
4140
7043
8975
6963
4040
5608
3781
8861
9051
3041
10069
2264
7768
2256
9885
4580
7011
6310
7259
1190
2480
5548
4580
7011
6310
7259
8430
2656
3390
7586
7246
532
4665
244
2874
3945
5573
9992
10135
10962
3096
11344
3409
8568
9714
7544
11050
6163
1557
5883
5356
8037
9732
4970
6411
6947
4943
4693
10285
7465
2342
8525
5592
10649
8471
8701
4996
8297
10649
8471
8701
4996
6411
4996
8297
4701
7681
7372
8619
2190
10932
3310
8619
7372
1075
5370
1249
4175
886
5887
3684
3066
1563
6795
5367
6915
9659
6094
1399
7006
4338
5768
2926
9835
3439
7466
9019
3432
5217
74
7819
10788
5217
74
9125
6839
5905
4659
1446
2554
9199
3747
1840
4197
5710
5285
664
5851
5710
5285
4815
1930
7912
1969
7589
10695
9360
8165
7440
6856
11030
4791
7440
1222
5757
1984
10695
7589
2898
428
11247
2688
2149
8888
10249
1536
9485
6548
5547
3403
4304
8718
5997
5503
4742
5653
3324
478
7352
4686
9321
11296
11051
2338
9127
1536
9485
5413
4356
11247
5413
4356
11247
2688
1895
323
8339
10585
5847
10693
3031
4637
7070
10693
3031
5287
10853
9136
1
9572
9776
2709
10826
1427
5136
7153
2442
8014
2793
8706
6614
7153
2442
11014
985
7158
9238
3829
9389
7158
9389
8014
9389
7158
985
8837
10924
2629
8146
8100
11104
5391
7210
9053
8372
642
9853
10673
1823
9878
4057
8372
642
9853
10673
9296
11338
5987
4536
10844
7620
3657
7756
11128
5745
1233
4210
4262
7608
7504
8400
502
1233
4210
2179
10662
1823
10894
6873
10865
7741
1048
6995
7070
4637
3646
2337
1082
6059
8384
4984
9217
289
11061
7541
4057
9878
9853
10673
9296
10662
5901
1731
10971
10985
6872
9810
9934
3929
7822
7456
2451
3293
8425
7639
1999
4777
2451
3293
4836
7504
6393
129
9949
10251
6645
9937
553
9739
5999
2438
10393
5142
2654
7378
5955
10784
7435
4789
5975
9359
4630
2078
2475
7953
10947
7730
4266
7617
9359
4789
5975
7206
5206
7778
2058
6236
5745
1233
4210
4262
1524
10570
10985
10971
1731
3573
3916
4262
7608
4210
4262
7608
7504
6393
10835
8400
502
445
5206
4462
9143
10835
9227
4213
9252
5343
10927
4462
445
5206
268
3077
8314
178
4622
7327
6889
10784
5955
7435
4789
5975
7206
7617
4266
4630
2078
9397
5999
2438
8164
9625
739
10393
5142
9397
2078
2475
6844
10947
9252
5343
6955
9227
4213
6645
9937
553
7953
10947
7730
10927
7617
4266
6844
2475
9739
8938
9144
9505
6506
2560
10824
1191
9625
739
10976
6387
9383
6255
4394
10524
7762
584
6725
1221
1564
7378
1781
8184
8791
3696
1309
7200
7780
4753
4592
10581
3657
2161
10265
4592
10581
7620
4619
2093
4536
10844
10222
1550
9053
7210
5391
10222
1550
3452
642
9853
10673
9296
11338
11335
2093
4536
10844
5960
9509
10515
8138
5826
3214
7780
6322
855
2474
1675
7284
6322
855
2474
1675
5923
1896
8234
2899
178
4622
3394
5064
7284
7200
5191
7590
4323
1357
8364
5267
5960
10844
4438
5267
5960
9509
10515
1685
9509
10515
1685
9893
1771
1546
10222
5391
11104
1760
10648
7243
8490
2793
611
7003
4567
10065
8706
9237
10842
4832
8287
9741
7881
3938
1705
4832
8287
9741
1352
10708
11183
7881
3938
1705
3740
6420
830
8709
5487
3277
721
9237
10842
5487
8709
3740
1705
8753
1143
794
2675
3910
2709
9776
7683
1485
6203
5894
6727
4124
2091
11345
4039
1554
5840
2337
1082
5840
1554
4039
11345
2091
10182
1379
3502
10589
5105
5510
10449
8100
8146
2629
3620
6043
8490
6043
3829
9238
3620
2629
10924
4629
7064
1379
1485
7683
11014
7683
1485
6203
9572
9776
2709
10826
2675
6641
3910
2709
10826
1427
794
2675
6641
246
9594
9976
984
4986
11339
509
3079
269
2847
3079
269
10249
269
11051
11296
9321
8983
8613
123
5862
11150
1136
548
11339
548
10109
10654
2105
10217
3493
10703
729
11181
6562
3830
984
4986
11181
729
10311
1577
10819
9380
4232
5242
1577
10819
9380
190
9448
9999
7043
8975
6963
1726
9797
5130
4427
7080
5471
4261
6788
6431
11307
3023
10143
2061
9570
11032
5802
5480
10964
737
4814
194
10889
3185
7127
9078
6521
9055
6537
9524
10964
737
4814
798
3023
11032
737
4814
194
10889
9524
10964
5480
7792
8976
143
4228
9309
3062
8144
8786
6438
6032
9596
6595
6831
7902
5514
9596
2354
6936
7738
5928
6438
6032
5514
10644
9215
10152
10870
10421
7172
1472
5665
2251
3963
4504
3526
5641
10706
345
8743
7496
5471
4261
6788
6431
10091
1298
8219
8764
2614
10275
3966
1667
6075
5150
2423
3042
2470
8868
7127
8545
9771
11206
2470
8868
6292
5100
492
10889
3185
6292
5100
4692
4275
7061
4692
4275
10368
2614
10275
3966
1667
10368
4275
10091
1298
8219
8764
2614
10275
3966
1667
10263
10311
10263
7512
254
8753
1705
6420
830
3277
721
5136
1427
10826
2675
6641
10500
6768
10677
11125
1225
2591
323
5847
5287
323
5847
10693
3031
4637
3646
4984
8384
6722
1794
6059
10589
3502
4629
10391
5105
5510
1693
2629
10924
4629
7064
8837
10924
4629
10391
1693
2629
10924
4629
7064
1379
3502
11345
2091
10182
5894
6727
9136
1
10500
6440
4119
1629
246
9594
1629
4119
2847
9976
984
4986
11339
548
2228
729
10703
2228
548
10615
8983
7274
11296
9321
8983
7274
509
3079
269
2847
4119
6440
1629
4119
6440
10500
6768
1225
2591
2149
2688
11247
428
8339
4752
4659
1446
1534
8167
7819
10788
38
7466
6429
5445
9835
2926
7006
10641
9777
7178
4338
5768
1307
408
5445
9835
2926
5768
4338
7178
67
221
9777
221
3066
3684
10736
925
10052
1071
5333
2193
408
1307
5768
4338
7006
1399
3439
7466
9019
1974
6701
5976
8783
4882
1974
4882
8783
9450
3536
5976
3536
1203
5055
2605
9019
3432
38
7466
6429
3654
2403
7469
8140
6238
1392
8239
9172
9027
4292
1499
7817
9849
2569
2236
9191
5433
6109
8526
8038
8239
9172
470
2650
6986
6952
882
9628
36
11227
1021
7122
1734
10180
10579
2177
2402
4869
9393
9434
6448
1753
8210
5929
118
5929
7829
470
5887
8163
6795
8163
4175
5367
6915
9200
9605
8618
9622
6915
9200
8745
45
1711
10511
8842
7023
5464
6757
3378
9573
8966
3203
10932
4642
6162
9532
4642
4914
45
8333
2162
3964
3715
2951
9532
6162
3485
2945
3485
2951
3715
4290
9595
1424
10299
5395
6945
406
3472
8225
10999
7597
5934
8225
10051
3472
8039
6025
3425
6962
11034
6695
6807
5934
7597
3284
8916
381
6695
381
9533
4613
1558
7802
6865
5794
10476
4956
3926
2285
5489
10372
8129
2285
5489
10372
6030
5666
9497
2963
4086
1549
10476
4956
3100
8489
6962
6164
9533
6164
3504
7245
3100
8489
3504
7245
5794
10476
4956
8867
7308
9071
8537
5557
8658
9003
245
888
4400
8333
8383
8012
488
11325
11030
4791
8165
7440
6856
10783
488
11325
3292
7023
5464
4815
5285
664
6757
3378
9573
10511
8842
5464
4815
5285
5710
4197
2905
6415
3378
9573
8966
3203
2945
3485
2951
3715
6305
406
3472
8225
10999
7597
3284
8916
381
4613
1558
7802
8275
9697
10307
1558
7802
8275
7074
2715
7074
8275
7802
6865
5794
10476
4956
3926
8054
9071
7308
2027
8537
5557
8658
8221
1899
9528
8919
11043
9690
3040
8613
123
5862
2230
1268
1873
5736
3921
9762
2069
8860
3316
3921
10139
10815
3867
9627
4897
6027
7527
11066
2428
4554
3325
76
10475
9440
7321
9038
529
5716
1216
3563
5753
6362
3493
10703
729
11181
6562
254
7512
6075
6689
3938
2667
7881
3938
2667
6689
3938
2667
8301
5150
2423
3042
10708
11183
8301
5150
2423
4275
7061
798
3023
11032
9570
6857
514
5665
1472
10430
9927
2678
10430
1472
7172
10421
2251
3963
4504
3526
3662
9718
11307
3023
11032
737
4814
194
10964
5480
2250
6270
2586
5392
3802
8268
4228
3062
10210
143
162
922
6270
5392
3802
8268
922
6270
5392
3802
8268
4228
9309
697
8765
8483
4934
1897
10807
5168
5624
6497
3477
5166
9571
4997
106
3802
8268
4228
3062
10210
5734
8976
143
4228
3062
10210
5734
7974
2174
778
5802
5480
7792
2174
1062
8661
10210
143
4228
3062
8144
8786
7296
9964
1748
1824
5854
5153
8689
7062
3693
4182
8755
1169
3559
7368
2939
3571
7062
3693
7368
9988
2939
600
4595
3571
7062
3693
7368
9988
11012
1756
9819
3286
9988
11012
7830
1893
5300
1756
7546
7966
8150
8755
8150
5300
8150
8755
4182
9286
1443
834
6598
7803
9286
834
6606
8496
6069
6789
3418
8722
8600
2040
5791
6598
2485
8634
4146
8597
3127
8454
9790
8319
3418
8722
8600
1054
8454
9790
1099
5994
343
4472
343
10526
7918
9056
7693
5897
4472
343
10526
7918
6122
10347
10155
7693
9056
10347
6122
8740
4562
1315
10155
10347
6122
8740
4972
10917
9158
9427
4843
10917
5429
4562
1315
7239
948
2074
9599
10264
7404
452
2882
5733
396
9974
6818
2269
1007
4455
9118
1411
6113
11211
6148
1955
9064
2341
5154
9517
7854
10451
1132
8162
6678
7528
8417
11177
5564
4991
981
7528
8417
783
1158
10506
5712
4530
4971
9644
6285
10690
