1
4040
4516
7281
2751
2239
7075
8109
9480
9224
2890
4501
6414
7041
7090
4249
5782
43
1907
6640
6204
4020
1822
5281
3149
8168
4004
1051
8846
6582
9617
10272
2003
4773
303
8338
7832
9303
6628
5552
2143
9109
8845
10882
7306
4573
5552
3983
6628
4223
1939
6912
3067
1453
4163
6244
1453
5751
2197
4331
2311
1274
7630
747
6703
10989
2064
3832
9868
592
5779
7387
592
5779
3104
1904
6130
2720
8933
6660
6958
1497
9795
7445
3104
6937
769
4149
11248
10289
1941
2740
8876
9684
4587
9339
5941
5615
1028
5620
1981
7297
7736
8299
4231
4087
6790
1413
933
8832
10811
5236
7221
6245
11138
8663
6655
3901
8832
5236
7221
8390
9814
1483
6863
2835
969
9682
2345
9255
10532
5155
6040
8285
5329
5200
8789
392
5329
6040
4995
569
8428
9708
8285
4314
1265
7604
5302
9299
6082
10804
4684
5210
10804
7941
9322
10728
7850
864
1180
8558
1864
10256
3685
6871
4281
8300
2326
2668
8149
300
3922
7452
6256
7906
8685
8881
6202
2698
5169
8881
6954
8341
7123
5516
7301
398
3922
2546
1838
7301
5705
8341
6954
7236
8685
5269
81
5169
8881
6202
10248
1450
10287
6954
8341
7123
5705
566
6256
5269
6112
7452
6112
2175
10177
9490
8198
7144
8365
6141
480
2148
3731
3814
10565
4917
6282
10565
4917
10001
3437
3814
8032
2820
7941
4684
9322
3437
3814
282
1375
546
2450
4150
4732
96
2779
2340
5874
10664
2896
6058
10315
4732
96
2779
2340
1914
4729
3035
2619
4298
4596
8854
905
4377
9987
2180
3035
4377
9329
7793
7588
6129
9535
8283
6045
388
5796
3093
6806
2408
8757
4977
1267
2225
10407
554
3282
6630
6699
4418
8448
10326
5527
10407
4306
1267
7201
3237
5330
366
7201
3237
5330
5353
3820
5926
10972
5610
6502
10360
10088
7485
6158
2420
3671
766
5906
1495
3498
6157
7425
7184
9589
7373
2754
6332
3581
8108
6981
8461
5446
10025
10571
839
8306
4906
5368
225
8889
8189
7658
1996
10088
7485
6585
5788
2952
8617
989
2895
6585
5788
2952
390
6194
11153
5788
2952
390
4211
4516
1032
3655
7680
397
4679
5610
6502
4318
1848
10088
10360
4679
7837
846
10340
6153
3487
259
420
6926
5755
11303
3227
6926
5755
11303
4501
8399
2324
2890
11103
3227
2239
3878
2751
2239
7075
8109
60
8469
849
9928
9480
147
9928
8778
849
8469
7148
8363
5518
7148
1009
8363
2364
3216
6152
7776
10141
9806
6583
10701
458
8617
989
2895
1545
10379
10573
3919
4351
9646
10379
3919
11072
4675
6072
8042
2856
8224
9484
3671
766
6311
9002
1917
9493
872
5186
2261
2194
510
4610
5786
5732
10279
3205
10345
4253
7951
5587
6176
523
11073
8438
10292
8586
6918
2616
2261
5654
2616
2261
10904
9002
1917
9493
3106
8213
5025
4739
7351
5139
4751
8943
4739
7351
916
8593
4633
7782
319
8362
10141
9806
6583
4211
4516
9806
6583
10701
458
10576
916
8593
7930
6531
2195
3459
668
94
7955
10283
5359
872
5186
7992
8065
7132
10367
33
668
10367
2418
10994
568
4756
7905
8031
11191
4756
7905
8265
8586
6918
2616
2261
10904
2352
5906
3498
3317
8041
7373
2754
6332
3581
8189
7658
7333
6777
1119
9438
4864
8098
3820
4700
2225
10407
5527
5623
8756
457
4679
5610
6502
4318
8098
893
6047
9438
4864
1848
4864
8098
893
3458
6047
893
8098
3820
5926
4318
8098
3820
4700
3237
5330
5353
3458
5353
5330
366
3121
10611
4713
6331
5330
366
3121
6240
8757
4977
3121
10611
8590
1140
7347
9243
3806
6240
877
7060
10055
2655
2408
2260
3738
6307
2947
388
5796
3093
2655
2408
8757
4977
3121
10611
8590
5368
10025
5446
8584
7505
2458
2683
551
9161
495
1503
4311
7849
2825
7086
10943
3306
2936
10031
10356
8558
8714
1929
1431
7804
6649
2221
3306
10943
4750
10893
2180
10944
10664
10356
4878
6058
980
9664
4878
9664
6282
4917
10001
10728
7916
10504
3913
7363
864
1180
4878
10356
10031
2936
9602
9649
687
7804
1431
3685
6871
1490
325
10905
5544
9873
1755
3913
325
1864
8558
8714
1929
1431
7261
9602
9649
2221
3306
10943
4750
10893
5873
9987
5873
7247
10118
1042
3618
6045
7347
1294
7060
5796
388
2947
8283
9535
7581
10494
10921
8283
9535
6129
1042
5011
2734
8127
8515
11267
6951
9161
495
6714
6224
4116
4326
8536
6332
3581
9589
7184
3498
6157
7425
3577
1996
5904
4864
8098
3820
5926
10972
4679
7837
846
10340
699
5019
9411
7189
5527
10407
554
1612
4129
6482
4994
9900
700
6002
2211
4519
10335
8813
6509
7309
4519
10335
693
1743
3145
3962
8229
3661
11037
3329
519
5513
1364
7095
8386
2971
5857
8378
10142
4691
10112
10678
11088
9459
6999
2639
1418
10887
3729
9269
6999
1418
3729
3404
8610
10308
7880
6487
10308
7880
4974
2798
2381
6640
10809
7251
8747
1907
6640
5390
7880
9101
1671
5069
3535
8779
10656
5069
1671
4147
7880
3817
11124
2639
4990
10887
6487
10887
4990
3817
8779
10656
4920
11262
8212
8513
438
2858
1767
4108
7357
6924
1767
2812
4683
8249
1059
7721
3479
8212
4920
4147
6640
2381
5390
7880
9101
3535
8779
10656
4920
11262
1020
11134
6782
3441
2626
6153
3487
1032
3655
846
10340
6153
3487
259
6782
699
6476
9611
10627
9153
6195
8448
7093
10259
9153
6195
8448
4418
10017
7733
10951
3166
1059
3166
8448
4418
3166
1059
8249
2812
1767
4683
2812
1767
3540
7571
5857
7571
4734
1364
9182
7952
1691
7429
8642
8893
7375
1117
1775
7431
9122
3981
3999
8871
3699
5769
8321
5172
8434
10306
10957
724
7644
1323
7429
1579
3863
5244
1579
5244
1323
7429
11160
10087
688
9856
955
9249
7431
3900
10761
9856
688
8078
7032
6407
95
9122
7431
9249
3900
10761
6220
7032
8700
9024
5678
6002
2211
7726
9900
700
5678
5280
86
11231
8078
7032
6407
2946
2103
3674
1005
3844
4409
4710
4231
4458
5131
9273
4045
9075
3809
2482
5334
9615
3241
5583
10542
5636
6228
3174
22
779
7751
8720
11289
7969
235
5334
9615
3241
9075
5970
9075
3241
9198
5636
6228
8720
9198
8720
6751
10712
11180
30
4860
1657
8626
4234
6758
2297
7525
4234
30
4860
1000
7228
5613
5741
56
393
8117
6346
1406
8626
10006
3290
3429
3044
10479
8358
6390
6887
1966
3126
1782
3762
1406
10006
10519
1087
6390
3126
1782
3984
6625
10061
5358
7374
8657
1713
6073
937
6610
4606
2184
10297
1151
9555
4809
2841
1851
9328
2182
9529
1025
4572
8942
6643
1274
6794
10145
2892
9712
7585
9918
3302
5448
8474
6451
1212
8710
804
402
2000
4277
7783
6552
1884
4547
3658
7288
8441
8767
4225
11113
3736
8279
5193
4084
4360
9263
11036
327
9767
2620
2300
1365
9846
5553
1018
1672
9098
1672
10808
2493
3585
2870
3385
9091
6821
4301
2493
1412
7392
10241
2602
2877
2563
1668
9738
5867
6633
1696
9730
787
9287
10694
5074
6417
787
9730
8978
10590
9205
5903
6769
2036
10780
7398
10257
4196
2397
7501
5254
7536
4235
7536
10780
2036
6980
2387
11121
2320
6769
2036
6980
4156
752
931
127
1668
9738
8884
10593
6633
5867
1696
9730
8978
10351
8154
3399
9205
2320
6769
2036
10780
7398
6769
2036
6980
2387
11121
8978
627
5235
9837
4474
9551
8115
3465
4877
6632
6452
4145
6063
8782
3451
1842
7490
7945
10809
6640
6204
4474
4322
7490
2907
3247
7759
3601
11272
10127
1786
4581
4594
2510
6670
2324
4368
5460
147
5460
7790
4354
4105
6670
2324
4368
4105
6670
2324
2890
4501
6414
8677
7759
8399
8401
3601
11272
4112
5090
8941
4112
5090
2035
8941
4112
5090
2035
3247
811
7090
8506
4441
2907
8102
9451
10127
1786
4581
10057
7400
11281
8157
5701
10871
2991
8393
3271
5468
5541
6895
4909
4069
7400
10057
2144
6063
9451
1786
4581
4594
9855
4594
2510
5819
10127
1786
4581
10057
2144
6125
6620
518
5953
3585
5036
2870
3385
10166
8719
4855
3786
1704
9818
6252
10975
9818
6534
3786
10405
6691
1704
8316
2692
5132
9793
5509
4880
3147
9327
4880
2471
196
4288
2414
1422
6850
4278
2414
1422
10915
5431
3947
6760
4766
7960
1322
11107
10720
1814
6665
8667
7851
3775
1153
10277
11330
1153
3216
6152
4516
4122
7281
2751
2239
7075
8109
9928
9480
147
5460
4590
4717
2316
10250
3271
5468
2929
5541
6895
2510
5819
9855
1786
4581
10057
2144
6125
3611
518
2602
2877
3464
2419
7661
3107
11276
5553
1018
3295
7932
7280
8187
1504
2598
1543
9912
1436
9021
10456
9283
6732
2068
5540
9753
4080
6732
2068
1583
4104
6534
3786
10405
6304
2935
10963
7503
7453
7745
10250
3271
5468
2929
4354
7790
5460
147
9928
9480
9224
601
7572
11103
3227
6926
420
259
3204
10104
6917
9998
5755
11303
3227
6926
420
259
6782
699
5019
6476
4136
7382
699
5019
9411
9611
10627
6260
6191
7189
9411
5019
6476
4136
1615
9016
7093
10259
4136
7382
2439
10104
678
3070
11053
4014
126
43
4589
2933
1020
1615
3479
8212
11262
4589
4147
7880
4974
3650
5364
8846
8423
8610
3404
10452
181
6569
1067
3518
4273
5345
730
6121
5345
10125
7339
1517
5345
7339
4002
8223
2022
4174
7029
6637
3952
2314
1389
6283
8792
10998
9647
7295
2224
10306
724
10539
3863
1579
7429
1691
2850
5198
2920
9220
7095
4734
3329
7571
3540
11037
3962
8229
3661
7559
8229
3661
7559
5461
10951
3166
1059
7721
438
6943
11124
2639
1418
4990
10887
1418
9269
6578
1067
6569
9614
5505
10452
5546
5505
8423
5505
5546
181
6578
1067
6569
5546
9614
2003
4773
1548
857
4647
1128
10272
2003
4773
9164
11266
303
2233
1548
4647
1128
10054
2604
1051
4004
11105
3149
5281
1738
6911
1449
3446
4196
7660
6062
9446
6167
5320
182
10054
6582
8846
1051
4004
8444
2798
2381
6640
6204
4020
8444
2798
2381
6640
6204
4474
9551
1156
4518
10046
6632
6452
4145
6620
518
5953
7610
10871
2991
10775
7745
7453
8684
7503
2316
7790
5460
4590
8778
4796
3256
849
8469
3488
10915
11330
1153
10277
5518
1009
8363
2364
3216
7851
2723
6665
8667
6152
7776
10141
9806
6583
10701
458
8617
989
2895
1545
11072
4675
6158
2420
6157
7425
3577
7485
6158
2420
6157
7425
3577
1996
5904
7333
6777
7513
8590
1140
3618
9535
7581
10494
4019
7518
6129
7588
7793
1080
9987
5873
1610
5729
10293
8127
7670
10212
4123
2734
8127
10293
7247
1080
7793
9329
905
8854
7022
10294
3219
5444
3416
3622
9193
8805
200
9600
8805
9600
4596
10294
200
9600
8805
9193
2340
5874
4729
1914
2619
4298
4596
10294
3219
5444
3416
3622
4471
10594
2865
229
10291
2779
2340
5874
10664
2896
96
2779
2340
5874
10664
2896
6058
10315
4150
2580
980
9664
6282
4917
10001
10728
7916
7419
3731
4206
1755
3913
325
1490
10488
10905
10177
9490
6134
7304
7441
8649
1220
9633
8337
5400
8022
10034
2609
7304
10148
6120
10123
1509
2880
6467
1619
2743
1509
2107
5885
2861
531
2861
4000
5885
1871
3505
1386
11290
6302
1715
1386
1266
2953
4689
11290
1085
7786
2942
2803
2804
6009
4851
3114
3381
853
4134
7142
7713
10997
686
10537
2827
6232
2263
4446
2827
5673
11189
6232
2263
6636
5292
4556
7537
10389
11129
10214
6289
10549
10801
4823
7606
7146
10413
2659
3718
2943
4707
7846
2943
4707
3476
6922
8026
3710
953
4000
1921
2503
740
911
3874
6276
8605
456
6499
1038
10602
7099
8605
456
6241
2606
1619
6467
2107
1619
6467
10035
11192
5241
2430
449
1400
4215
4795
10682
5852
11126
1994
4215
1400
7516
1420
334
10287
1450
5924
10248
6202
2698
915
10601
11075
1420
334
10287
6954
8341
7123
5516
4390
8183
9729
10731
6608
4011
334
10287
6954
8341
7123
5516
2267
2868
5035
9729
10731
1575
10204
9766
2409
5035
1575
1234
3584
11241
8607
1234
11152
9345
5954
394
11152
6608
4011
7418
3301
10094
7294
6792
5954
394
2010
5869
1865
3343
9096
11169
3765
7579
11241
2090
6384
6173
1441
4575
9539
3744
6854
11216
6507
7981
4905
2625
5001
10369
8607
10204
9766
2409
10810
9073
44
4022
2868
8183
4390
5516
2267
2279
44
2562
9073
44
3122
6858
44
3122
5159
8809
1838
2267
2279
4022
2868
5035
1575
1234
3584
7579
6184
6173
1441
4575
6192
11216
8565
2189
2520
9188
10840
7982
4853
3343
7876
1292
2215
2082
7896
1179
5829
5804
2046
6312
5829
5804
8844
7386
7563
2015
10295
11192
10035
2766
733
8030
909
81
5169
8881
6202
2698
915
449
2430
10322
7190
973
7926
2046
7334
973
7926
4795
2430
10322
2015
10295
8433
10035
2766
4944
909
8030
915
10601
11075
5924
10248
6202
8881
8685
5269
6112
2175
4944
2880
6467
1619
2606
6241
969
9682
2576
9558
4283
9354
593
8959
6734
6723
4851
6835
6690
3114
3381
10169
3232
9891
658
593
9891
658
6266
10413
2659
3649
19
5298
6491
2345
9255
10332
4244
6156
1331
9477
4458
9702
9731
9226
7725
6916
1092
3212
6007
1269
6428
3212
4237
6736
6778
8947
7109
6784
7218
11212
5144
4342
9839
9444
979
4227
1846
4898
5376
1846
4227
1569
6907
3056
6778
8947
10258
8621
7654
2509
1347
5104
10453
7188
4807
6553
2838
968
1635
1287
9006
10522
4829
4013
5097
5084
1868
10481
7638
1448
3818
5123
2724
46
5171
9115
10778
7529
8281
10897
5719
3348
3754
4093
6546
9081
4821
2019
5230
1891
7929
7703
1161
797
2275
4671
4510
4847
3279
10813
10755
4510
3434
11069
4874
2934
930
4041
9318
9081
4821
6512
7929
7703
1161
797
6034
4488
1161
797
2275
6034
4488
3895
3818
3516
256
7543
11068
5584
3779
6319
4806
3335
9769
9775
1908
3713
6319
4806
1908
3713
800
8808
1052
7884
130
4300
1940
4846
494
2983
5669
6347
891
8675
6365
2805
5702
4762
6365
2805
7491
4155
8468
4704
10007
6622
11084
5591
9363
8166
9847
281
2278
9060
3903
3763
11164
7904
5263
10491
9990
63
3883
494
4846
8409
1286
2235
8462
1305
1052
7884
9458
185
10002
7884
9458
461
11058
5922
11277
2351
5560
3006
3652
9460
7255
10778
7529
10897
9460
3652
9812
3652
7255
10778
7529
8281
75
6546
460
3732
8007
1533
7740
8671
5519
3362
7989
5983
39
9637
7989
5983
7740
8671
5519
10730
4764
3453
10370
10832
8334
4741
7989
5983
39
9126
8197
6935
5566
4929
9838
10234
2325
964
5889
762
9121
5204
5763
6263
9121
1185
421
762
2286
10604
10817
3560
82
4695
7209
7718
3560
10604
2325
964
5577
4393
6035
6935
5566
4929
5577
4393
5566
4929
9838
10234
10817
10954
4607
863
2309
276
8849
863
1098
5319
7718
10954
1098
7082
93
5321
9262
659
559
5319
2774
7209
4695
8280
11081
6342
3599
8736
6653
6342
3599
8736
6653
8280
11081
10423
9695
2042
659
559
2774
7209
4695
3183
10903
7119
4440
3183
10903
7346
3673
1338
5222
10764
3905
8356
4429
6737
4333
2131
8467
8500
10408
8467
10408
7346
10903
7119
4440
110
6653
11081
10423
9695
3721
3054
10093
10453
7188
1506
5713
1859
11301
4403
5529
10902
9786
5532
8356
1506
5713
1859
9236
8794
7014
6653
11081
10423
9695
3721
4740
2042
659
559
7082
2490
212
4293
8589
98
7376
6929
5144
4342
5849
8754
10722
6007
1269
8470
2290
10184
8377
5405
6297
9613
4064
4457
6297
5405
10183
9112
4537
21
10206
3383
1904
6130
2720
384
8933
384
6088
5982
3001
11269
9712
7585
1877
5227
328
10596
6353
8035
107
5149
10797
6139
2160
5545
9333
3748
8623
2160
5545
5108
7473
10029
5360
7473
4309
10029
5360
9333
7164
3899
7476
7164
3965
1655
7994
5008
1960
6931
9070
689
9433
9439
8293
8717
10415
9433
9439
10267
754
7933
8293
8717
6564
3005
5717
7523
7995
11013
1091
3369
5350
3005
9597
4161
9103
4203
6435
10544
5454
4651
1470
2125
7444
6976
4203
6435
6931
10267
2272
6216
5008
10544
5454
6976
4203
6435
4161
9103
2361
207
10740
2361
9103
10642
9208
1651
4267
10642
9208
10045
4001
10740
2361
9103
10642
9208
1651
6846
10329
537
11013
1861
6323
848
10739
5246
10818
848
6323
7523
7995
5717
8395
6741
10557
3235
1887
749
8111
6212
10557
8293
8717
10415
3357
2853
9597
9070
6931
1960
2272
6216
9693
2716
3958
6861
1380
11299
4570
6443
2950
5761
7353
4343
2322
8277
2358
5327
2716
10834
8277
978
4268
10829
9235
4268
239
2358
10637
3506
5363
5327
6216
9693
4611
838
4654
8921
3047
4654
8921
295
10223
838
4611
6154
6580
7994
3965
1655
3342
9839
9444
7476
3899
4205
4651
2125
3823
3771
6846
10329
9552
508
810
1737
2752
4940
1214
7325
1849
8076
537
8076
6067
7598
7835
11013
1861
7278
3478
2500
1281
4973
2973
6816
7779
11287
4357
3380
4896
1641
1639
10049
175
7622
5075
5188
6349
6441
4715
2876
645
6133
1641
1639
4038
2608
5075
4131
2948
10747
2025
4694
2641
11259
3539
4217
5711
4198
6894
11045
175
10049
6816
7779
3887
4091
5246
10190
9787
4181
10818
848
10739
2500
3478
3898
175
7622
4038
1639
10049
6816
7779
11287
4357
2357
5163
3672
890
7416
5044
6767
2507
524
5458
6973
6764
892
6106
9466
8036
2765
2124
7847
9550
6456
11089
1197
4329
8086
1218
2903
892
6106
7330
1844
8086
1218
3038
11214
8654
5859
8501
1127
5859
8501
2522
5974
281
9847
3903
3763
6246
2467
2570
1707
10491
9990
6675
9294
1707
9294
5428
4762
6365
2805
5702
7320
6246
2467
2570
5428
4762
6365
2805
7491
1236
6674
10799
6817
2288
9235
9010
7714
8554
2322
8277
2358
10637
749
8111
9541
3206
1334
6033
4652
2124
9816
2663
3849
9541
8395
6741
6212
10557
3235
5363
754
7933
3235
1887
749
8111
7049
239
2358
5327
2716
3958
2232
11299
4570
2950
845
5403
2504
5761
7353
1380
4570
6443
4888
10716
295
10223
2186
1774
6580
6154
2186
1774
3342
9839
9444
979
4227
1846
4898
10669
5849
8754
220
5615
1028
7297
7736
6790
1413
8390
9814
5302
3213
1483
6863
2576
9558
8679
5418
1715
3710
953
1871
3505
1386
11290
6302
4372
7443
8583
4283
9354
6724
9936
5667
5270
10801
5270
9496
1716
10389
11129
4006
8612
10214
11129
10389
1716
215
7903
3597
7715
8173
2871
3450
8907
100
8121
6180
1293
1616
4236
8511
1616
731
1942
7229
8075
7695
6211
10328
6313
7923
2331
1773
7695
6211
6409
5007
2172
10044
5799
9457
3473
4189
763
1164
7673
8990
6781
7507
1291
5799
10044
9108
10328
6313
4566
3906
763
9951
10175
7156
4538
7692
5680
3030
10175
7156
4538
7692
8875
403
4027
10795
403
8875
7692
5680
11148
7673
4189
3473
1808
1291
5799
10044
2172
587
6315
5007
6409
6903
731
1942
5595
7229
8075
7695
6211
6409
6903
6573
6315
5007
6409
6903
731
1942
5595
1026
6180
1293
1616
4236
9865
587
1291
5799
10044
9108
3341
9457
3473
4189
7673
8990
1808
1291
5799
9457
3473
4189
7673
1164
3030
10175
9951
1103
3352
400
1069
7072
7131
9344
10599
7653
5362
2431
5030
1069
7227
4660
88
2159
5312
2584
3975
496
8405
4003
7103
6061
4361
5312
10795
3735
4538
7692
5680
3030
1164
7673
8990
6781
7500
2319
1761
5393
9147
4522
9970
10205
6717
1345
6536
6295
8819
11308
1761
5393
9970
3990
7212
2985
68
2515
10024
1207
2515
10024
9083
2399
1053
10914
9209
5164
7607
5372
5052
1623
10304
2394
1135
6461
318
6730
7170
7140
5850
5073
1972
805
8711
253
9213
6845
9462
8711
253
9213
4027
9213
6845
9462
11304
5073
2984
496
3975
11304
5073
2984
496
8405
10020
6989
10232
380
3099
5793
10111
1134
8601
1350
7506
11087
1134
8601
7393
380
10232
2437
7253
7208
7506
1350
9268
1934
7253
1934
7208
7506
11087
1134
8601
7393
380
3099
7393
380
3099
5793
6946
7027
4760
2353
8902
199
4681
7805
5964
8077
6081
3440
199
8902
222
10665
3000
9282
2681
2530
6083
3608
8067
677
878
8760
2750
3776
2274
1963
10896
4449
1813
2514
8410
694
7911
9899
1567
3727
9204
625
5797
5771
9204
10028
9580
3148
2968
11327
9580
3148
2864
7841
10821
1297
10028
5771
1559
9669
5389
3156
11326
9066
5797
5771
1559
7542
2981
6436
3764
9175
8269
2461
2886
7552
9534
8742
8269
5692
1853
5530
7707
3382
599
6510
7612
3889
4173
2026
293
2071
2386
8937
4745
9045
2380
3376
11346
8937
3376
4148
2891
9232
4173
3376
2071
293
49
4048
2026
4048
49
1340
513
9670
5421
10713
2119
941
240
5421
2119
941
11189
5673
240
513
8452
8005
6646
10520
6510
4048
49
1340
8005
8452
5258
9670
5421
2119
941
240
686
10537
10442
3697
7126
7743
4128
1293
1616
4236
8511
5664
7743
4128
4169
7715
3597
10814
1689
4102
2871
3450
3923
3364
3217
1410
6967
8995
1773
7695
6211
10328
6313
4566
3341
9108
10328
6313
7923
1069
400
4566
3906
763
9951
1103
3352
3906
763
1164
7673
4189
3473
9457
5799
10044
2172
5007
6409
6903
6573
4236
8511
7770
10060
4102
1689
9316
1532
5944
8612
10214
11129
10389
1716
9496
6358
7537
10389
1716
9496
6358
745
5308
4446
10537
2827
6232
2263
6636
4556
7537
10389
1716
9496
5270
10801
4823
7606
6543
5988
7889
5695
1723
11220
1585
9454
865
5099
6266
5099
865
8465
5099
865
9454
3466
1585
9454
3466
4582
3509
9936
5667
215
7903
2744
2631
5335
9406
6295
8819
11308
1761
5393
1708
3600
2499
5304
1226
3192
8641
674
2978
1053
10914
9209
9246
2699
9746
6572
8559
7268
5107
1207
5107
7268
2826
2062
6206
6796
7898
9453
3533
1975
5107
7268
2826
2062
4584
9548
6747
7331
337
8922
4008
4875
879
8188
7331
337
8922
10290
356
5642
10508
4008
4875
7480
10574
1300
5810
1621
10574
1300
9759
4579
1040
1758
10193
3359
5521
5658
6589
9408
10525
10436
2120
8391
3268
5284
708
9679
1556
4674
7834
10271
3359
5521
2839
8909
4867
7258
2839
8909
1058
956
5229
3521
8628
3547
673
5156
53
116
4919
9391
621
9879
6900
1457
8571
9879
7760
1660
8403
4065
6661
11279
2770
3034
3857
10014
10756
10253
6900
1457
8571
8999
2072
6949
4919
9391
2072
6949
4919
9391
621
8999
2072
6949
4919
9391
621
9879
7760
7613
8403
7494
1701
7100
9500
1956
5966
8628
5966
7088
643
10851
12
5415
4950
9266
10704
629
5415
12
3840
4378
5918
3231
5420
3941
8273
10940
4183
3034
3857
5094
6661
4065
8974
11279
8974
8304
11008
4194
5435
10940
2810
4194
5435
5918
3231
7396
8510
735
7396
8510
1719
3957
4448
9276
7539
8325
7009
5910
2372
4193
6572
8559
7268
2826
2062
6206
4584
5910
337
8922
10290
8325
7009
9276
7539
8510
5420
6408
1719
3957
6477
3400
441
6408
1719
8510
735
4950
9266
5642
10508
954
3537
2852
1894
11332
777
6588
10674
8099
3537
7480
6735
9759
4579
991
5810
4332
10929
7678
5382
8883
4060
1621
1480
2154
10574
1300
9759
4579
991
10929
4332
5382
8883
6568
4548
1480
4819
8200
2878
10008
236
4417
6359
1022
10498
2154
7168
9919
2449
11195
3421
7331
337
8922
10290
356
9266
10704
629
11332
5644
10851
9943
6588
10674
8099
1201
6735
9759
4579
1040
11070
944
10674
8099
2852
3537
954
4875
879
8188
7839
8550
7480
6735
9759
4579
1040
1758
4755
9475
5871
9653
5179
6405
956
1058
7857
9475
4755
11070
944
10674
8099
3537
2852
1894
10704
629
5415
12
643
7088
