1
4399
4516
7281
2751
2239
3878
2364
3216
7851
3775
5837
5431
4288
3330
102
8336
7120
6410
8246
2512
3419
3171
7138
9265
3397
5465
3130
10198
10140
11194
5369
1160
7423
8774
8863
526
11024
8194
5568
5831
2753
4545
4490
10229
11253
701
11171
10228
472
870
2306
6705
2665
7493
5388
10465
8335
10859
7694
1581
6639
5022
9748
9042
5122
4043
5437
9923
10485
11200
7871
5077
1588
5133
2693
6639
5022
9748
950
6485
9315
6805
6970
5394
10715
4312
841
10317
9295
10489
4816
4365
6541
4021
2416
4926
7289
9202
2577
698
8145
6481
5383
11024
8194
9650
511
2662
3824
5831
2753
4545
4490
10229
11253
701
11171
2427
10228
472
7753
1111
1125
8505
540
1890
4818
10668
5967
8194
9650
511
1003
8774
8863
2574
6696
7355
6696
2574
9675
6481
5383
9764
10341
698
5422
6706
2577
698
5422
6268
5422
6706
8106
1856
91
9675
6268
5422
6706
8106
4424
3987
9300
6254
10383
2729
8203
10753
5315
9028
9750
5817
761
11108
2059
5506
555
6076
6524
7012
2917
6376
6688
7687
5536
5691
3594
2247
10399
6953
4352
9270
4287
7128
5303
7383
2866
9219
4209
2578
5497
6478
5161
3260
9907
8669
10554
10062
8715
8596
10554
8669
9907
10630
7633
4485
1432
1459
10680
5496
8872
10862
5076
5394
9686
9826
1263
6398
1604
1284
8625
2417
10465
2599
544
2448
9157
2306
26
9295
10489
8505
540
5145
4021
2416
4926
7289
10668
5967
8194
5568
5831
2753
4545
4490
10229
11253
701
11171
2427
1223
5071
7940
4513
1223
5071
5750
4513
7940
7091
9830
11171
2427
1223
5071
9830
11171
10228
472
870
2306
26
3455
1111
11253
701
11171
10228
472
870
2306
26
3455
11336
870
2306
6705
2665
7493
5388
2417
1978
5699
5962
3974
1581
3974
1721
10859
2599
975
8025
544
784
1373
9801
2139
9022
6397
2834
1330
1687
1310
4931
3704
3659
4363
6868
5554
6868
6210
808
2658
5347
5140
10414
4367
10174
4661
7855
310
3055
10009
9502
5866
5424
2266
7520
2469
4347
7855
310
3055
10009
9502
1931
2167
10691
2855
8367
4434
8686
3644
2388
3716
7971
1467
25
9156
10836
7886
2679
7159
8414
5457
10847
8504
7975
8504
1304
7636
1304
6400
9789
8313
2680
3725
4247
1476
5511
7159
8414
4747
6719
1467
25
9156
10836
7886
3028
7899
2679
7159
8414
4747
6719
1467
7971
7106
7402
2447
3412
1187
3412
2447
7402
4747
8414
5457
10847
1744
11309
5646
5825
10396
3074
2881
11273
11284
1243
2513
11284
11273
2141
10260
3226
1243
8179
9349
3550
11309
5646
5825
10396
3074
2881
11273
2141
2513
2141
7085
9754
2881
11273
11284
1243
3226
173
5202
8096
9537
10260
3226
1243
8179
6070
8179
9349
7975
4901
8070
1845
6056
1170
10312
8034
9443
2152
4552
6997
9225
173
3226
1243
2513
2141
7085
6165
11261
858
9754
2881
11273
2141
7085
6165
11261
858
8775
10072
4072
4321
3565
638
7322
3647
7058
9487
3565
638
7322
3647
7058
9065
1542
4321
3565
638
7322
3647
8806
9851
7191
7948
6055
6998
4673
10219
7000
9765
2220
8431
8759
8731
602
8431
8759
8731
602
9993
1491
1952
11182
3636
10330
4617
2962
11239
2427
10228
472
870
2306
6705
2665
7493
5388
1434
3669
385
6754
11204
8625
2417
10465
8335
1978
5699
8250
1284
8625
2417
1978
5699
8250
9048
9748
950
6485
9315
8059
5690
950
6485
9315
6805
9686
9826
1263
1604
10211
5822
9826
1263
6398
6485
9315
6805
6970
8456
4355
8872
10862
5076
10910
6909
4505
4312
4816
4365
6909
4505
4312
4816
4365
6541
10753
10757
2243
5305
10910
6909
4505
4312
4816
4365
6541
10910
6909
4505
4312
4816
4365
6541
10753
10757
2243
8016
5305
10910
6909
4505
4312
4816
4365
6541
10753
5315
6591
4781
8360
8762
9166
3545
138
11238
6697
6423
8548
5790
5232
8057
2487
2537
4923
3135
8360
8762
3135
8360
8762
9166
8294
9750
5817
4345
7963
761
11108
9530
242
6956
10409
2735
2059
3153
5506
555
9361
11305
2096
3679
9980
14
2243
8016
2441
6095
9980
14
10757
2243
8016
2441
6095
2323
11291
6712
5322
7012
2917
6376
6830
7863
5536
5691
3594
9523
1678
4209
2578
5497
6478
5161
10441
4903
6478
5161
3260
5481
1154
2733
7664
6064
10366
8970
4485
1432
188
1313
307
11223
6853
4410
4483
2607
8424
7069
1815
4135
1238
1817
6867
11333
7848
5848
3101
11322
10189
6458
2821
8148
2660
4425
3188
7130
8001
9274
10912
1229
4058
9724
7972
562
815
7115
7110
4015
7318
9616
2780
4754
4460
8161
3407
4939
7042
1961
7217
1168
10933
9566
4239
10983
5590
1537
6340
3694
1882
2596
368
8660
10995
6301
1531
1512
10477
9840
7479
10128
5112
2622
291
3061
9585
4476
4623
3117
2092
2335
1039
999
2153
11106
10434
7314
4887
8925
556
5845
6484
8244
8899
9897
10404
6604
9311
8398
9068
5892
10378
4229
1163
6401
8112
6677
1598
1245
6401
1163
2597
10146
3630
11293
1500
5323
10547
1500
11293
2597
10146
11293
10378
8896
598
2518
4337
10026
10547
1500
11293
10146
3630
1259
5602
3524
11139
8107
11275
9140
3968
9498
9140
6403
5621
4825
374
10098
7942
4825
374
2642
780
9859
8443
3590
1478
7942
4825
5621
7286
7928
3384
2957
8539
3354
635
10509
115
7024
9431
5398
3691
6348
1918
4828
10876
2701
10201
9905
6744
2568
1592
9948
1944
5812
6286
2776
5325
2356
3045
312
6369
11115
2132
5340
6991
7675
5067
6680
10689
6923
11127
7675
5067
4373
5863
5937
321
2245
3593
1130
6971
4576
3593
1130
6971
4052
5670
2132
770
6991
5340
2132
5670
4703
3543
462
464
8381
7055
10892
7869
3417
7055
10892
7869
675
3417
7055
10892
7706
7869
3417
7055
1100
152
3083
2366
1093
8529
2977
10512
7750
2249
2739
2034
8251
5531
7135
4090
6171
6375
11118
11172
4466
2282
8381
7055
10892
7706
1093
8529
2977
10512
7319
3037
2422
10163
4614
10441
4495
6259
727
2422
10457
177
7326
10163
3260
5481
8459
2733
7664
6064
623
9228
10630
8669
10554
8596
8715
3594
2247
7863
6830
6953
3326
3995
9270
3995
10710
7012
2917
6376
6830
6953
3326
2917
6376
6830
6953
4352
9270
4287
135
3500
7128
5303
7383
3960
9219
10631
8910
2866
9219
4138
9523
1678
4209
2578
5497
6478
5161
10441
4495
6259
9722
7319
3037
2422
10163
3260
5481
8459
10970
8424
7069
7263
1613
4135
1238
1817
5278
2669
1199
7391
11223
6853
4410
4483
10970
8424
7069
7263
7449
10733
10375
1613
4135
1997
5848
3101
11322
10189
6458
2821
6841
3358
3195
792
1809
8412
7337
9616
2780
4754
4460
7110
4015
7427
4133
3188
10912
1229
4058
9724
9709
10358
275
9216
3281
450
5213
2910
5752
7092
6328
2472
10955
1680
1231
9117
2370
10528
9403
8577
1162
9403
3628
8577
9403
10528
7677
1231
9117
2370
10528
9403
3628
7175
3123
2617
4722
10000
9216
3281
450
5213
11112
4968
7234
5679
7887
8413
10858
1724
9930
7045
818
9747
2637
6518
9034
1686
8952
8603
8850
5414
5617
5625
9197
1825
1004
8479
347
10766
822
3515
2829
3517
8838
2559
822
3515
2829
7605
9641
8120
7875
8705
1502
9483
7968
5180
4982
5834
9483
7968
3782
1673
6455
2317
7665
6065
7143
9817
6742
6145
4634
8668
9867
7817
9849
5561
5274
10418
9881
875
913
5207
8879
9657
3365
2029
4937
10195
913
5207
1477
2909
250
6511
9867
2569
6383
1477
5207
8879
9657
4479
4442
3365
7890
5738
7722
7121
2677
3250
6746
10830
10983
5590
7823
1537
9956
1363
6187
7618
10114
1857
1735
8488
112
2833
5930
692
10288
7591
10288
9781
10288
692
5930
7655
1240
1273
8674
6357
10620
2307
3701
8622
9348
4153
9781
10288
692
5930
2833
11038
7566
1733
8270
2707
8416
4233
8155
7795
9840
7479
10128
10802
3961
3845
6168
3060
8674
6357
1273
1240
3251
1240
7655
7566
1733
10802
10128
5112
3061
9585
11049
5892
9068
4476
4623
3117
5565
4546
8348
1976
11079
213
3116
1039
6822
9972
417
10552
4933
6437
7767
6437
4618
4523
595
5028
8897
3572
7840
7240
5946
3572
7840
7240
7
3997
8210
5929
8769
3997
8210
6193
6320
10569
4167
9553
4114
7390
3976
1320
3245
9094
1235
1302
9883
11093
10619
9883
11093
11163
594
10349
4761
1256
8374
1843
8207
2406
3994
8614
5846
2177
7669
9780
10579
6721
4053
10349
4761
5586
8374
5586
3245
1320
9007
4869
9007
9491
3592
5846
2177
2402
7577
3843
4292
1499
1343
8140
6238
1392
6952
882
9628
36
9474
9514
648
4036
2349
10962
7723
6163
1557
5883
5356
8037
9732
2495
5835
813
3623
5573
9992
4907
5607
6713
6096
1109
10958
1192
1195
3954
11246
435
8072
8575
10521
9004
8575
10521
9004
1451
6890
5218
707
3350
6870
7769
1736
11190
2294
7454
11265
7354
7769
11265
620
6341
10126
7980
4891
7651
2216
3159
7354
7769
11265
3787
9285
10935
4310
545
9985
5639
11162
2241
4436
11007
8524
5535
10874
4985
11135
8564
5114
3424
3025
7433
1035
8986
11149
1807
9410
9809
4757
4470
2313
7484
3050
8528
782
5861
8208
1830
7048
6612
5447
7484
3050
8528
108
9735
11278
8818
1830
7048
6612
5447
3236
2714
750
5838
884
10274
9410
9809
884
10274
5968
4413
351
1465
5606
17
9640
7356
4716
2065
4900
4159
3796
8112
9001
6827
9129
2540
4220
6604
9311
8398
2212
4623
3117
2092
2335
1039
6822
9972
6775
765
417
10552
4933
2706
4933
6437
4618
4302
595
4302
799
9052
1909
10261
6930
11274
7015
10067
5135
10705
1869
8158
6389
3772
6155
11140
582
3336
6669
3336
4
7414
4
9581
6155
11140
582
9940
6834
7198
9032
7343
4771
8021
1860
1682
8085
6066
7774
2908
3893
426
1368
8692
2883
1321
8960
2252
1947
7810
3424
3025
214
8564
2990
11179
1768
7461
5882
7020
9374
6071
7810
3424
3025
214
7433
1035
8986
11149
5656
5185
10772
11135
117
1035
8986
424
9904
6078
3133
351
1465
7356
4716
2065
7701
10359
1695
6554
7701
6554
4159
1682
3068
4727
4771
7343
9032
3445
10434
7314
4887
8925
3912
8579
9001
8579
6484
556
9897
5845
9897
8899
1439
8244
6484
8579
9001
6827
9129
1163
4229
2540
4220
6604
9311
8398
9068
5892
11049
291
2622
9957
9875
218
2206
6466
10099
2518
4337
10026
10547
1500
11293
10146
3630
1259
5551
2307
3701
8622
9348
2117
2476
8737
1405
8576
2970
10445
2163
4218
9683
5301
7600
6439
10833
2542
57
5279
10551
1706
57
2542
7267
2970
2842
1706
2842
2970
7267
4218
9683
5301
7671
2726
4608
9323
1712
5318
9039
11196
4246
1073
10863
1592
9948
1944
4866
7263
7449
10156
4308
6925
10980
10120
10156
4308
6925
10980
4308
6925
10980
10120
8683
10733
7449
10156
4308
6925
3632
4432
10178
696
3173
7337
9616
2780
4754
5600
7042
1961
7217
1168
10933
9566
4239
10983
5590
6746
10830
10983
3760
5124
9956
1363
6187
10114
1857
1735
8488
112
2833
5930
7655
692
5930
2833
112
661
2476
8737
1405
11016
5629
8885
1253
8629
2008
9317
7464
11139
8107
3692
3283
1747
3630
11293
10146
6471
10979
5214
3283
1747
3630
11293
10146
6471
1245
1598
6677
6554
4159
1682
3068
4727
3796
8112
6677
6554
706
10417
1598
6677
6554
706
2079
3022
4640
9337
10159
6017
7001
5296
622
3471
7656
2201
1948
6010
3656
7928
3384
2957
374
2642
780
9859
5231
9431
5398
7594
485
6923
11127
7675
5067
4373
9428
5937
321
2245
3593
1130
512
9284
8394
775
11173
10559
9234
4414
5043
10455
1572
8529
1093
7706
7869
3417
7055
1100
152
4414
7161
10879
8331
3189
8497
9917
301
10203
3288
5029
2555
4912
10242
169
3681
7777
6881
5855
5047
6881
5855
5047
3029
1513
1152
6527
2398
667
9813
2697
2413
8259
10455
1572
2846
9326
5054
4010
8142
957
10041
6609
150
2649
4480
5101
453
2893
6761
5336
5152
6291
8632
773
6828
302
7470
6514
4047
6766
4987
6514
4047
6766
10300
11116
5645
1428
2581
7865
1946
1486
9138
10300
11116
5645
1486
9138
2545
10856
5288
9711
898
7580
1425
2691
7553
1425
2691
7553
7580
1425
2691
6828
302
7470
6514
4047
3640
6808
11116
5645
1428
3753
8563
4627
7865
1946
9399
4137
6235
6928
37
7860
11086
8563
4627
2581
7865
1946
9399
4137
6235
997
13
1928
8796
6538
7207
8796
6538
4601
4265
7215
13
1928
8796
6538
9876
5992
2603
677
467
11201
2750
3776
1963
10896
4449
1813
2627
467
11201
2750
3776
1963
10896
4449
1813
2514
694
7911
9621
9066
5797
5771
1559
9669
5389
358
6581
596
5828
3156
11326
9066
5797
5771
1559
9669
5389
358
1277
1935
4849
7083
9669
5389
358
6581
5096
9983
3039
7152
4902
6611
10213
7117
8917
3797
10213
3218
73
7117
3269
3011
411
10083
4348
6901
2375
2255
411
10083
4348
1652
4475
6462
9221
140
8457
11001
5528
140
8457
11226
6464
2115
2872
11001
5528
3218
9221
6462
73
7117
3269
5341
10083
4348
1652
4475
8104
9834
9658
6462
4475
8104
8985
4168
1652
4475
8104
8985
4168
8437
5917
5473
6901
2375
1333
5569
3002
9674
2199
1754
2385
3356
11065
4469
970
4459
9674
3522
3356
11065
3825
8518
4774
5808
2830
4459
9674
2199
7377
10153
11317
4083
5998
10153
8746
7843
5559
9845
9045
9845
7377
5917
5473
8437
4168
1652
4475
8104
9834
5998
10153
5486
8261
8746
7843
8261
8746
7843
5559
10246
2380
4148
2891
10246
2380
3376
11346
2386
8937
3376
4148
2891
9232
10774
7646
8735
11317
6464
4276
7472
1659
9518
3842
10774
1659
4099
1901
11123
1802
9518
1466
3382
7612
3889
1466
5692
1853
5530
9635
3088
3942
5313
10623
10132
7371
395
8440
8003
4609
9960
10623
395
6646
10520
6510
599
8003
4609
9960
3088
3942
5313
10132
7371
5258
9670
5421
2119
941
240
513
8452
8005
6646
10520
6510
599
10520
6510
7612
3889
3842
10774
7646
3663
5486
9232
10774
1659
4099
1901
9783
6190
4744
2115
2872
11226
6464
11317
4083
9658
6462
73
7117
8917
3797
4604
3872
85
5265
7078
2505
6379
10741
5208
3907
1666
9093
3689
10741
5208
475
8721
11340
2919
11323
610
10639
5033
6558
10082
7486
8369
2566
2772
2566
10699
2704
7511
5725
3002
7511
2831
7486
2831
6558
5033
10639
610
65
10727
1950
7688
9267
2902
3229
7771
5668
10517
10806
8835
4656
9267
7688
10074
2051
4063
10074
2051
1172
8046
6959
9149
2967
231
2108
8190
360
6361
9756
2189
2520
1793
10840
7982
7257
4824
4853
1911
1971
7876
1292
1865
5869
363
9096
11169
3765
7579
6184
5295
10003
9188
9096
11169
3765
7579
6184
5295
11169
3765
7579
6184
6173
1441
4575
6192
2520
9188
7982
4853
1911
6708
9231
5331
3262
1522
5643
4824
4853
1911
6708
9231
1522
5643
4824
4853
1911
6708
9231
9159
7876
1292
2215
5852
10682
6312
2046
5804
8844
7386
7334
973
7190
7563
7190
10322
2430
4795
10682
5852
11126
10094
6626
1292
2215
11126
10094
7294
10745
114
7294
6792
5954
394
3584
11241
8607
1234
11152
9345
4328
3301
1994
4215
4795
10682
5852
2215
2082
5829
1179
4975
8844
7386
7334
2046
7926
4795
10682
5852
2215
2082
7896
2960
1006
3262
1522
5643
4824
8124
3075
11090
5961
604
4918
9351
3103
8758
7257
4824
4853
3343
1865
5869
2010
10745
2010
5869
363
3765
7579
6184
6173
1441
4575
6192
8565
7310
8817
7981
4905
9539
3744
6854
11216
8565
2189
2520
9188
3343
1865
5869
2010
10745
114
6626
1292
2215
2082
7896
9159
7876
1971
1911
4853
3343
1865
5869
2010
394
11152
9345
4328
6792
5954
394
11152
6608
4011
7418
7516
11075
5924
10248
1450
10287
6954
8341
7123
5516
7301
5705
566
4785
398
3922
2546
1349
1798
8809
1838
7301
398
3922
2546
1349
7545
3447
8342
11102
3542
165
7666
3635
11056
7545
3447
4560
2155
7814
6738
11188
4311
10709
6771
3579
191
4049
5920
2140
1024
5920
5596
3205
10345
4253
7749
3152
4512
5891
6046
5086
6434
4115
6500
5268
8882
5252
704
5507
3391
10343
3313
11020
7951
4253
7749
3152
4512
5891
6046
8008
151
10566
336
7879
7859
336
1582
7879
3081
2633
10231
10377
2589
987
3081
10377
2589
9740
3588
11101
8156
10647
624
4177
10577
5423
6501
9347
5899
9824
6530
4007
2244
7685
1647
8408
8931
1183
9608
2028
7270
77
2108
8190
5317
11324
8185
5189
6959
9149
2967
3371
1204
4180
6798
1433
10079
520
568
2098
2969
415
3805
8226
8882
5252
704
5507
3391
10343
3313
11020
7951
4253
7749
3152
4512
5891
6046
8008
151
8662
8156
10647
9848
7340
10122
1763
10577
5423
6501
9347
5899
9824
6530
4007
2244
7685
1647
8408
4216
6882
3278
48
3322
9848
7340
10122
1763
10577
5423
6501
7643
10961
5472
2551
362
6615
4512
5891
6046
5086
6434
1141
99
5891
6046
8008
151
10566
4258
10377
2589
987
9740
3588
2633
3588
10231
3588
2633
3081
7879
1582
7859
7879
3081
2633
3588
11101
8156
10647
624
4177
4270
725
6615
362
2551
5472
10961
7643
4465
1024
5920
2140
7666
3635
11056
2901
3249
5037
6858
44
3122
5159
7545
3447
2859
3603
1257
11257
5016
8300
4281
1670
2825
7849
4311
10709
6771
3579
7394
1503
4311
7849
5715
7086
4528
1610
5873
7247
10118
7588
6129
9535
8283
2947
6307
3738
2260
6878
700
6002
2211
4519
10335
693
10875
2066
1336
10144
10017
7733
10951
3166
8448
10326
743
6195
8448
10326
6630
6699
6819
10144
10017
7733
10951
3166
1059
7721
438
6943
10656
4920
11262
4589
43
5782
4249
4672
2998
11303
3227
2239
7075
8109
601
7572
7075
8109
9928
8778
9886
11114
71
4520
6108
2935
4717
10963
2935
10319
10609
10319
5539
7709
5539
6457
4250
9886
11114
71
4520
6108
2935
6304
3385
10166
3032
9283
6698
2057
2646
8237
8858
8159
2823
6258
186
5599
9395
7765
539
2393
1396
2879
133
616
5038
2879
133
616
5038
1867
11342
6011
8979
5063
8237
8587
11313
9395
5599
2237
5685
7696
2976
6419
8939
7696
2976
493
8411
10702
1469
4208
6842
5685
7696
7150
705
7734
6483
8002
1605
6252
10975
2277
7532
9645
10333
906
6105
8856
6483
8002
1605
6252
10975
2277
9761
7120
6410
8246
2512
5249
5550
4497
3419
3171
7138
9265
3397
5465
5425
10702
1469
8288
493
8411
2783
5465
3130
11026
6745
6658
5126
3798
9392
1361
4406
8018
8863
526
9650
511
7166
6056
1845
7316
1210
8061
6070
6060
4901
8070
7636
7166
4263
10510
5369
11194
10510
511
7166
4263
11320
1106
2273
7836
9443
2152
8061
6070
8179
9349
3550
11273
11284
1243
8179
6070
6060
4901
8070
1845
7316
2152
8061
6070
6060
4901
8070
1845
7316
1210
6060
4901
8070
1845
7316
2152
4552
6997
4208
6842
3102
5192
539
9225
6997
4208
6842
5192
539
9225
6997
10948
5425
10702
1469
8288
493
8411
2783
5465
3130
11026
6745
6658
5126
6354
10286
850
6671
2281
3967
1714
11026
6745
6658
5126
6671
2281
1324
1714
11026
6745
6658
5126
6671
2281
1324
9265
3397
5465
3130
11026
6745
6658
5126
6671
2281
3967
6658
5126
6354
10286
6941
1501
6214
6938
9966
10419
3688
850
6671
2246
2764
1473
159
2466
3531
2289
8446
4792
1986
7960
1322
11107
10720
3534
2150
4571
1814
6665
11316
7782
4633
6531
2195
4751
8943
4739
7351
916
8593
7930
5139
4751
8943
4739
7351
916
8593
7930
6531
9521
9828
3723
547
1367
3113
2415
10720
1814
6665
8667
7851
3775
5837
5431
4288
1181
1986
10618
656
1126
4626
9102
6214
6938
9966
10419
10286
6941
1501
1669
9102
10737
1126
7030
3046
313
9723
137
5209
9069
3591
5959
4439
2415
10530
3933
7815
8615
3591
5959
4439
3933
7815
8615
3591
5959
4885
11122
9057
9031
6273
10433
8044
7652
10338
7917
3891
8449
3875
3003
8253
4428
9069
3591
5959
4885
11122
4709
2694
5537
7885
9476
6103
6836
7934
10994
568
2098
2969
3780
520
568
2098
2969
5252
704
5507
3391
10343
3313
11020
7951
4253
1024
5920
2140
7666
3635
11056
7545
3447
1257
3603
2859
6884
2326
2668
8149
7452
6112
2175
10177
9490
6134
7304
7441
9437
847
6345
361
10148
6120
139
369
5190
5806
2606
6241
969
9682
2345
9255
2835
9682
2345
9255
2835
5806
2606
1619
2743
5190
2743
1509
10123
369
5190
5806
2606
1619
6467
10035
8433
531
2861
3505
1386
11290
6302
4372
908
3649
19
5298
10332
4244
7604
8651
6888
3598
10161
5727
6888
3598
6156
1331
9477
9702
9731
2857
9226
7725
6916
1092
2405
7882
4237
6736
5376
1846
4227
979
9444
7476
3899
4205
4651
2125
7444
4267
10642
9208
10045
4001
6503
11013
1861
6323
848
10739
5246
10190
3048
6170
4652
2124
7847
9550
3770
6622
11084
5591
9363
8166
11254
914
8799
4155
6557
9363
8166
5223
10230
3491
6181
2522
5974
281
2278
7157
2630
7853
4989
1627
1023
732
9482
7806
5580
6200
1171
2088
6840
10800
836
2538
29
8647
1248
4405
11041
6679
6685
8570
2979
589
3568
55
2696
9332
7432
8388
9013
2982
10655
10427
4492
2710
1656
9778
3953
3486
1387
8574
4171
1656
9778
3953
3486
1387
9256
7181
3143
8169
4767
9773
8257
4598
998
946
1288
5814
8480
8699
7421
4768
6944
5109
897
7811
1244
305
6957
8480
8699
7421
4768
6944
5109
1415
8392
477
2254
1116
3057
5773
5896
4280
4335
9106
9432
1850
1397
851
7147
9757
8060
10925
7897
2001
3266
11091
974
6752
10440
8371
4688
389
6752
974
3057
1116
8561
6800
3467
1488
7260
2819
9752
5842
2819
9752
1510
6299
7260
2819
9752
1510
11300
2875
11271
6299
2875
11271
383
8604
11300
7659
5843
3757
10743
5199
10855
910
3328
910
5781
6969
10770
7991
5718
5977
8178
6623
2628
7944
4486
10967
1493
550
10748
3082
10967
6265
910
10855
9400
774
5781
6969
2956
835
10262
3338
10484
9308
9160
5743
3443
8825
7313
1833
2954
8741
1308
316
3846
10063
8310
9559
10553
5352
9721
10331
4256
7405
5526
6700
3986
9559
1779
10063
8310
6629
3986
9559
1779
3846
10063
8310
10092
6215
3443
4886
7313
1833
2954
11074
10076
440
2923
5775
8222
2836
5015
440
2923
6584
6048
8807
6178
8238
9501
1722
3468
8927
4699
2954
8741
1308
316
3846
10063
8310
6629
6700
3986
9559
10553
5015
2836
8222
6267
6221
6336
5775
8222
6267
2346
84
2836
8222
6267
6221
3827
9720
1142
83
103
4892
5839
4892
4935
1888
83
103
3950
5839
6663
5087
7621
4955
8050
3859
2178
1447
8733
7186
3318
10056
4461
9578
4988
6899
2049
1658
2483
8900
827
3668
407
7329
5556
9105
10769
4649
9179
2796
5939
4649
9179
6057
8206
3992
8298
7797
5939
4649
9179
6057
8206
3992
5365
8780
2700
10336
7727
2359
1555
42
608
9005
9743
8693
6421
1878
590
2742
6593
4602
8693
6159
6421
8936
2183
434
10216
7631
6571
5221
6249
691
9043
10848
3743
499
3932
2168
7626
3495
5023
4871
11057
2916
5062
3932
2168
7626
3495
7413
2705
7034
7704
6852
8101
4854
6355
1717
27
499
11321
5219
6984
6659
11321
5219
193
10348
9367
1650
3561
4033
2775
9962
8119
1074
9481
8196
8573
4033
3819
8097
4204
1841
5832
9020
7641
7112
3087
2640
7076
1841
5832
6416
3087
5971
9861
4808
10105
6486
10657
2004
1607
9133
3118
3853
7737
7961
7893
5811
5476
9547
8640
1564
1221
8640
9346
8791
8184
3394
4622
7327
8184
3394
5064
7284
6322
855
2474
1675
5923
1896
4793
2561
5764
10265
855
2474
1675
5923
1896
8234
2058
8234
2899
5170
5923
1896
8234
2058
6236
445
5206
7778
3077
7778
2058
8234
1896
4793
2561
5764
2474
1675
5923
1896
4793
2561
5764
10265
4753
4592
10581
3657
2161
2561
5764
10265
4592
10581
3657
7756
4619
2093
4536
10844
4438
8364
1357
3435
8191
4399
9843
3405
439
7866
8191
4399
5826
11161
8138
11161
9843
5870
7165
1945
2368
8138
11161
5870
7165
8419
6442
1945
2368
8138
10515
1685
1546
10222
1550
3452
8082
10673
9296
10662
5901
4876
11268
10971
1731
3573
2179
10662
5901
10894
6873
7697
10865
6873
4876
1731
5901
4876
11268
5085
3833
5499
11268
10971
10985
6872
10570
3573
3916
4262
1524
3929
9934
2303
454
5749
9991
7822
3929
9934
9810
5612
3833
5499
11268
10971
1731
5901
10894
6873
10865
7741
5499
11268
10971
1731
5901
10894
6873
10865
7741
1048
289
11061
11136
576
6722
8384
4984
9217
289
11061
11136
9217
289
1048
5612
9810
9934
2303
454
5749
9991
2303
454
5749
9991
7822
3929
9934
9810
6872
10985
10971
1731
5901
10894
6873
10865
7741
1048
6995
4051
7551
1048
6995
4051
10585
8339
4752
9382
3340
7551
1048
289
11061
11136
576
10449
8100
11104
1760
1771
9893
2368
8138
5826
3214
10581
3657
7756
11128
11335
2093
4536
10844
10222
1550
3452
8082
5987
4536
10844
7620
3657
2161
10265
855
2474
1675
7284
7200
1309
5476
5780
1309
5476
9547
5700
3696
1309
5476
9547
8640
1564
1221
5824
7574
10976
6387
9383
6255
3927
1839
8058
6255
3927
935
8812
1967
4394
10524
992
9383
6255
3927
935
11210
9673
6277
10657
6486
6804
10105
2318
4808
11005
8630
7112
6416
7076
2640
7818
4224
4895
7025
5971
7499
5034
8793
8015
3651
1084
9385
10443
5604
3972
416
2684
1482
10077
8216
8591
1614
8793
7603
10443
9385
8015
3651
7292
7499
5034
4396
7025
7818
4224
6905
10237
279
2486
4204
8097
6933
10266
2384
860
7040
3191
8379
7698
4096
9973
1571
4096
9973
9170
