1
4453
4516
7281
2751
2239
7075
8109
9480
9224
2890
4501
8399
8401
5819
9855
1786
4581
10057
2144
6125
3611
7610
5953
10241
7392
9074
155
3924
9098
1018
3295
3625
9124
5515
9544
4079
1359
8147
335
5141
1461
9210
10278
1906
15
8309
7921
9501
3690
10402
1538
5289
10857
377
722
2501
1137
7977
4780
1601
10158
7659
5843
3757
1590
2045
3328
6265
10967
3082
8093
10059
3682
8090
4143
3020
4946
9792
1547
9538
2702
3549
4936
2157
9137
8062
10463
10298
8322
4588
9196
9390
1390
8311
3991
650
4588
9196
2170
5174
7624
2129
1821
70
8311
3991
650
6330
11184
9047
8407
10102
3558
1692
8407
10102
2927
4315
4879
1870
9452
2912
10066
3307
9251
8199
7967
4296
9313
1096
8530
7050
1638
1679
918
3503
9792
9492
3734
4951
3683
3411
6330
11184
6848
1692
3558
1765
8904
1648
1692
3558
1982
4315
4879
10586
10066
2912
0
4942
6755
10839
4799
10969
1105
7947
5898
2925
3977
11085
8732
3720
1318
4804
9606
9251
3307
9869
1318
4804
9606
702
3158
10147
702
3158
3794
3360
10854
2376
3360
10854
1565
9134
11071
8494
6793
4111
6638
1784
7925
6539
491
5502
6687
6965
9416
522
2435
6904
4111
6638
2565
6350
3033
10854
2376
11250
9678
11221
9313
1679
9678
11221
10147
702
3158
3794
4392
9469
292
5402
679
9469
292
1608
5477
10982
3119
5477
8233
7729
6350
3033
4392
9469
292
1608
7729
8233
10982
3119
1148
6350
2565
6638
1784
491
5502
522
2020
7936
10209
1973
5789
3858
5709
9638
9591
5307
5789
7361
7828
6793
7936
9863
8698
7223
10621
5307
5789
3858
10364
2508
3019
6520
10364
2508
8547
7361
11250
918
11250
9678
11221
8199
10586
10066
2912
9452
4942
6755
9415
3366
1923
6174
4541
9805
7984
290
9805
7984
9516
4696
2941
7173
4468
11168
3822
10608
10157
3822
2169
9120
3918
10901
2664
9989
3940
1709
3242
9120
3940
9989
3918
10901
10608
7609
9212
10157
372
391
5121
9832
5355
9599
709
3761
10305
3252
8389
5377
8240
11168
3822
10608
7609
9044
6814
10424
10873
9044
4336
5342
2006
260
3063
3769
8673
2645
3855
9929
9997
4645
1593
6226
9471
9612
1832
9929
6226
9471
1832
2573
2047
3855
9997
4645
5637
6651
10013
4577
934
3928
5614
6269
11255
7510
5605
4422
10245
5605
4422
10660
6596
3433
10625
10245
4422
10660
9479
8466
6988
6596
4612
9996
9770
11080
9388
6001
2506
8839
7615
2885
9506
7084
10646
3043
149
7755
5175
5463
1316
3726
9343
7385
2867
9244
4029
5950
6298
7249
354
176
92
4644
10314
8993
6085
7611
7766
4200
4037
92
2531
1511
682
3841
8768
7366
6635
1788
7366
9373
11240
9909
11264
5958
3678
1496
6876
4583
7380
11141
2479
11263
3257
4980
2479
7380
9909
11264
4718
4644
5958
3678
633
10759
471
4910
5095
6242
1525
4910
10790
6801
3168
10922
8062
2165
3157
8241
10324
10463
10298
2170
5174
7624
6919
7193
2222
8472
1016
7067
3215
768
1932
9631
7219
353
8472
1016
768
1932
9631
9281
429
1044
3991
650
4588
9196
9390
1390
2129
2222
8472
1016
7067
2444
6913
10268
6932
4822
10268
2807
1283
603
6352
10037
6644
64
824
6825
5858
5682
2210
7139
4056
1043
7415
4374
9618
10653
1043
5041
4558
4056
1043
7415
9618
4264
541
6729
4374
2009
6729
541
5083
10588
5555
6275
3276
2080
2533
2086
4527
3777
1366
2280
1239
607
1150
2280
1239
607
1150
10032
8828
1968
10587
7684
3869
10754
10681
7262
1094
11144
4527
3777
1366
2280
1239
607
1150
10032
1968
10587
7684
3869
10754
10681
7262
9467
1094
3869
10886
5260
10526
7918
6122
8740
4972
5704
2989
8691
6869
5355
9583
31
5704
2989
8691
3835
4445
10873
9212
7609
2664
9989
3940
1709
8312
9036
9441
7900
5083
5091
9340
9184
3242
9120
2169
5306
11222
4362
2725
7379
8533
1703
8946
10403
10777
5876
6693
7557
11294
2987
4260
3297
5876
3181
6137
6352
8126
4822
4423
4822
6932
603
9181
1676
9672
9181
1676
7557
6693
4260
1487
4541
1487
5238
1698
3017
3564
483
11294
2987
5238
1698
3017
5756
9050
8019
1925
6278
2708
3564
2708
8266
10400
429
1044
70
1821
353
8472
1016
7067
3215
350
1932
9631
7219
70
1821
2129
7624
1751
10930
2758
9473
3157
8241
1751
7624
6919
10930
2758
5216
10787
3714
9473
9925
10661
9978
10281
8801
8891
10545
6077
3911
2147
7031
7565
1047
11176
1279
7959
2112
8450
1279
7959
3700
3706
1749
6031
1916
6031
873
3706
3700
5785
8218
9916
9424
5661
8450
1279
7959
3700
5201
5401
11046
8608
996
3993
3220
3993
996
8833
10380
4938
4071
4938
5638
8833
996
8608
10380
4938
4071
3433
10660
8466
9377
8839
4993
5614
6269
7084
10646
8258
10469
7084
10646
530
10726
3756
11343
2673
7758
3756
10726
8814
9123
149
3043
8258
10469
7084
9506
10726
3756
11343
2673
7758
9334
9123
149
3043
8258
10469
7084
9506
2885
4993
8560
557
6449
9350
8560
557
6449
9479
10660
10625
10660
8466
9377
8839
7615
5601
2673
7758
9334
2995
8869
2204
9123
149
3043
8258
10469
7084
9506
2885
11343
3756
10726
8814
9123
149
3043
8258
10469
7084
10646
530
8814
9123
149
3043
8258
10469
1787
5381
10952
8271
816
8192
5175
8426
8217
9009
748
1055
1395
8217
812
2808
6549
9009
609
5092
340
3676
7647
8418
10376
8418
10226
7812
10376
8418
6592
5449
2191
6592
5449
10023
6780
8901
10023
8901
2191
8901
6780
3078
9442
4550
9825
8570
6874
1980
9719
6327
7647
3676
5237
4450
5728
5092
340
3676
5237
8463
11096
7647
3676
5237
8463
3582
227
11096
8463
3582
5947
10782
4980
497
2800
4289
10036
10316
6114
6974
3246
6549
9009
609
5092
340
3676
5237
8463
3582
5947
2013
227
3582
5947
10782
10224
2958
2013
4706
6892
3248
1012
6892
3248
8486
10718
7408
6587
2601
8645
3202
10718
7408
8645
3202
7214
10224
10782
4980
2479
6855
2126
7147
9757
8060
561
10925
7897
2001
3266
11091
9090
4059
8522
9135
3155
1631
5760
8486
10718
7408
6587
1631
3155
5760
1631
6587
2601
5384
515
7214
3202
8645
2601
5384
1464
6335
2371
8152
9757
1690
851
7147
2270
6791
11263
535
515
5384
1464
1520
4271
6335
2371
8152
2270
6791
11263
3257
8913
10224
10782
4980
2479
11263
535
2638
8152
9757
8060
10925
7897
8522
9135
2371
8152
9757
8060
561
1674
1690
1850
1397
1654
1866
4712
2126
2007
851
7147
2126
2007
1654
4046
10759
471
10790
6801
9163
3168
10922
433
10354
10483
2884
8827
367
10483
10354
7978
4230
10987
4200
4037
176
4037
4200
7766
7611
10987
4200
7766
7611
6085
10922
433
4130
367
8827
9925
10661
3714
10661
9978
10318
16
2884
16
10318
8263
3602
8891
10545
1551
8272
8370
7519
4160
1551
10545
8891
8801
9401
6885
517
1175
7700
6913
7700
4423
4822
10268
2807
1900
2444
6913
10268
2807
1900
6968
8569
483
9672
5626
6561
1900
6968
9281
429
1044
70
1821
2129
7624
6919
7193
2762
5508
517
6885
10518
1086
11035
1741
1912
9620
8915
10555
5012
1912
1741
3431
11064
3431
1741
11035
1086
2202
10518
1086
2202
1175
1912
1741
11302
573
8218
8857
2671
5148
3879
8857
8218
9916
9424
10252
10131
6131
9916
9424
5661
7534
10252
6077
4259
5795
1086
10518
6885
9401
10787
9978
10281
10787
9401
5508
7067
3215
350
6968
8569
8266
2708
6278
10400
429
1044
70
1821
2129
7624
6919
7193
2762
5216
2758
9473
3157
2165
382
4130
367
10483
10354
7978
4230
226
16
10318
9978
10281
8801
8891
10545
6077
4259
8801
8891
10545
6077
4259
5795
11035
1741
3431
11064
1677
6656
1803
7420
5089
52
5299
2828
5002
3511
1985
1118
5239
35
3925
4127
2541
1217
4803
8091
505
1958
4967
3949
1178
8602
7277
8551
7277
2006
260
3641
3345
868
4787
11301
4403
3737
924
5165
10439
3705
6983
5450
506
3705
6983
10339
5450
5006
6526
11166
3553
10643
8935
7993
9941
801
7732
3621
2207
6479
742
6107
2305
8602
4382
9011
2166
1915
10956
2643
9935
3508
80
7415
4374
2009
2718
10588
5555
6275
9666
7447
4411
9952
7447
4411
3160
2718
10588
5083
5091
9340
1527
9036
1527
8312
1527
9036
9441
7900
5083
5091
9340
9184
5306
11222
5143
10653
1043
5041
4054
5348
5277
9935
3508
80
4054
5348
5277
3444
4555
7182
7409
2524
9207
10831
9888
5485
9758
1445
3300
6132
9279
10371
8126
4822
6932
603
6352
10037
6644
64
6132
9279
6644
64
824
6825
7791
4540
1703
8533
4749
11133
2210
7139
10196
5248
7250
8749
3300
6132
5952
4861
2070
4782
4423
4822
6932
603
6352
10037
6644
64
824
6825
5858
10884
6950
5682
2210
7139
10196
9394
6950
5682
2210
7139
4056
1043
7415
9618
4264
10197
9184
11222
5143
10197
10543
9340
9184
5306
11222
4362
5143
10197
10543
5091
9340
9184
5306
11222
4362
2725
7379
11133
2210
7139
10196
9394
3027
824
6825
5858
10884
3027
824
6825
7791
7397
64
824
6825
7791
4540
1703
8946
8627
7397
64
824
6825
7791
4540
1703
8946
9516
4696
290
9805
4541
6174
1923
9415
6755
2941
7173
10724
10698
6090
11292
7550
695
8588
4719
8527
5898
2925
4978
10200
9366
5853
8732
287
1611
7044
8546
6148
6948
10725
2128
4455
9118
1411
6113
11211
6148
8546
7406
3574
8895
4500
7406
1955
9064
3909
6243
9632
5597
97
5351
3837
977
498
6480
9939
2187
7629
619
1132
3058
1158
9623
7954
10506
5712
4530
6285
10690
7954
10506
5712
4530
4971
9517
3239
5154
9517
3239
5455
7854
4969
2801
263
5351
3837
379
4890
628
7720
2217
9632
5597
97
4890
7451
7311
8820
9807
6084
9465
8066
1827
7448
4625
7081
8555
6084
9465
7081
9728
7794
124
4625
7081
8555
4813
8820
1949
5865
3053
4294
5439
760
10949
2623
9967
7187
1920
1820
9639
1739
4687
1013
2374
8788
5616
4279
498
6480
9939
578
3337
10406
578
3337
9545
10451
5712
4530
4971
9517
7854
4969
8000
1759
5597
97
4890
7451
7311
3529
6128
628
7154
3556
4066
283
7154
1995
1540
7720
2217
8895
10572
1540
7720
2217
9632
5597
97
4890
7451
7311
8820
9807
4294
5439
8066
1827
3456
5387
3109
124
3109
5387
10683
8777
10732
3784
11193
2077
4628
6005
2077
4628
7136
2116
3410
6005
2077
4628
7136
2116
7028
4664
8977
7436
18
7225
8305
5878
7985
7224
10410
2491
1358
8328
3420
4862
8307
10546
5407
9422
2083
9721
3475
5517
10700
3013
9242
7411
3616
7137
683
6498
11242
2491
1358
8328
9416
6965
703
2686
10410
2686
1346
1883
4930
7298
10869
5106
8977
8523
10124
6666
7436
8523
10124
7547
4151
4667
4557
7035
6234
1362
3128
7118
4667
4557
7028
10186
8958
676
427
3238
4005
5125
4212
7136
2116
3410
7035
4557
4664
8977
7436
18
8305
5878
5106
10466
676
427
3238
4005
6149
516
7895
4655
10151
3377
2293
1924
5234
6709
283
4066
3556
6406
791
8987
9254
3826
1898
3529
6128
628
7154
1995
5027
5451
5402
287
1611
8620
5046
2786
6396
5178
709
9832
5355
9583
31
6939
4334
6939
7348
9158
7348
10939
9427
4843
8006
5429
8006
1315
7239
4214
8357
5031
9854
3544
671
3609
7239
4214
8357
5031
9854
11282
9974
6818
2269
1007
1008
8055
9517
7854
4969
2801
263
1759
8000
6243
9632
5597
97
5351
3837
977
10084
8843
3053
9639
1739
1920
7187
4921
1013
1438
6833
5907
4477
3086
2959
9365
183
9305
6906
4226
1444
4454
10584
1070
3890
5195
6586
8862
7521
8934
10973
3071
6050
3179
9218
3036
8079
9185
1603
7118
4667
4557
10124
6666
7436
18
7225
7976
5916
3233
261
11213
4257
2937
11132
2719
5167
2488
4291
3827
9720
1142
83
103
3950
4892
103
3129
3026
8051
10373
3950
3129
10373
9429
5839
6663
5087
1317
738
6663
5839
3950
9429
1056
7275
6877
756
9035
2209
6843
8050
3859
6239
9522
4397
348
8900
827
3668
8382
5694
7797
407
9110
10769
4649
7509
3483
2612
1606
3169
7761
3139
10472
5225
8118
8186
8118
6631
10472
3169
7761
3139
10472
5225
8118
8186
7481
9578
4988
3080
8887
8186
7481
9578
4988
6899
2049
8733
7186
3318
1348
5386
158
6425
3789
1348
5386
158
10278
11243
3457
1120
4817
3318
10056
4461
6899
2049
1658
2483
9522
876
8780
5310
10336
7727
10447
5470
1555
42
434
5774
1910
355
2060
5647
7748
657
1874
8130
4026
9162
4854
8101
9449
10762
1783
9089
7509
3483
3398
2813
6324
3680
1783
3680
6036
9425
9851
7191
7948
1122
7317
9368
1977
4402
2632
4735
2002
7831
5730
4673
1835
8053
1228
8638
2002
7831
5730
2151
4551
8071
1122
7317
9368
4899
8071
1122
7317
9368
4899
3892
4551
8071
1122
7317
9368
1977
4402
2632
4735
1228
8638
2002
7831
5730
2151
1208
3982
1977
4402
1186
4786
7230
1354
7672
4735
2002
7831
5730
4673
10219
10138
3353
923
8806
9851
7191
3144
896
9272
10187
9062
9169
10823
3144
896
7413
2705
7034
6381
7704
6852
8101
9449
10762
9089
7509
3483
2612
1606
3169
7761
3139
10472
5225
5884
5515
9544
4079
1359
8147
335
5141
8147
335
1403
9716
9302
10243
8798
7988
1385
262
6559
5026
6371
5986
8017
10850
296
9245
1906
9245
8309
7921
10280
3687
4456
5538
9177
4697
10149
722
5558
1081
383
11271
8604
1137
7977
11300
7659
5843
1011
11298
7781
9400
1492
2350
723
9435
10496
6044
346
10158
1601
131
4780
131
2501
722
1081
8478
712
6860
10337
9858
3619
8478
1081
7515
10735
712
3619
9858
5109
1415
9858
5109
1415
8392
6288
11033
6257
5648
9037
8920
2600
10793
1370
2558
9562
1746
7180
6652
4511
9256
62
3868
3955
759
8388
793
2809
308
6016
7211
2097
10628
3296
10655
10427
4492
2710
1656
9778
3953
3486
1387
9256
8315
8574
1387
9256
8315
8048
759
8815
4800
7432
793
2809
2982
10655
10427
4492
2710
1656
9778
3953
3486
1387
9256
7181
3143
8169
4767
1288
5814
8480
8699
4768
6944
5109
897
5366
216
305
1244
2492
23
2492
7939
9562
1746
998
4598
7180
4511
9256
7181
3143
8169
4831
4379
7602
9892
5630
7986
1965
1481
7602
9892
5630
1385
262
10243
5072
5051
6624
4107
7845
9302
6559
5026
8429
10614
6371
5986
8017
10850
296
11010
1906
9245
296
11010
6317
8648
5915
1230
1461
9210
10278
1906
15
11243
3457
920
8087
1847
4817
3507
1037
3162
4955
8050
10431
3162
738
1888
7199
6048
8087
1847
4817
3318
1348
5386
158
6425
880
10645
9210
10278
11243
3457
1120
6996
1847
4817
3507
8427
3807
5374
1037
3162
4955
8050
3859
2178
2483
1447
10622
10431
8451
7186
3318
10056
764
3789
6425
880
10645
9107
4195
764
9000
8830
880
10645
330
9000
330
8830
880
10645
9210
10278
11243
3457
920
8807
6178
8238
9501
1722
3468
10402
3690
168
8110
4456
5538
5498
11142
5128
11078
4023
10149
722
377
5134
10992
10310
6321
1264
1833
2954
11074
8238
15
8309
7921
9501
1722
3468
8927
4699
1264
6321
8927
1722
9501
3690
5289
1862
8110
3687
4456
5538
9177
1068
1862
8110
168
10280
3687
4456
5538
9177
1068
10857
976
10992
900
3860
10310
6920
1538
5289
10857
976
5134
377
10992
10310
6920
3468
8927
4699
2954
8741
1308
2736
11074
10076
6178
8238
9501
3690
168
8110
4456
5538
5498
9177
5538
5498
11142
4697
9177
5538
5498
11142
5128
3131
277
5800
11286
3315
9955
7986
1965
1481
7657
4379
7602
9892
5630
1385
262
10243
5072
5778
2817
8123
387
5072
5778
7650
11155
2685
5009
9515
6147
8421
6560
219
2986
9067
719
10860
5419
8279
4360
9263
11036
327
9767
8004
9772
3712
3856
4529
7682
4529
3930
4916
719
10860
5419
8279
4360
9263
11036
327
9767
8004
9772
9560
9568
2527
6225
3852
983
8317
1589
8611
61
8131
755
8004
9772
3712
3856
4529
3930
9263
11036
327
9767
2620
4669
202
4738
5005
8105
3107
3924
155
9074
4775
10808
4775
7392
9074
4775
10808
2493
1412
7787
7392
10241
5953
7610
10871
2991
8393
3271
5468
5541
6895
8157
5701
10871
2991
8393
3271
5468
5541
6895
4909
4069
4594
9855
1786
4581
10057
7400
11281
5701
10871
2991
8393
3271
5468
5541
6895
4909
4069
11281
8157
5701
10871
2991
10775
7745
7453
8684
7503
10963
2935
6108
4520
4443
6691
1704
9818
6252
1605
8002
6483
7734
4104
8002
1605
10333
906
8856
6483
7734
1762
7167
186
5599
2237
5685
7696
7150
4542
2237
3102
5192
539
2393
6445
1396
2879
133
8096
9537
6165
11261
858
8775
7282
9717
616
5038
1867
11342
6011
8587
5196
1396
1867
11342
6011
8979
9912
1436
9021
10456
9283
6698
2057
2646
8237
8587
11313
9395
7765
6445
7765
539
9225
6997
4208
8939
7696
2976
493
8411
2783
3171
1102
10492
10075
8176
10492
1102
10382
2466
3531
2289
8446
4792
1986
10618
5990
9588
10737
1126
4626
9102
10737
1126
7030
7815
8615
3591
5959
7197
2593
547
1367
3113
3534
2150
9521
6049
2195
3548
3586
8084
5359
7955
10283
423
3586
8213
5025
9646
10573
4351
8042
8213
5025
9646
4351
8042
2856
8224
9484
6072
8042
2856
8224
9484
3671
766
5906
1495
1562
5920
2140
4049
5920
1024
5920
5596
3051
4610
5786
5732
10279
5587
6176
523
11020
7951
4253
7749
3152
4512
6615
362
2551
5472
10961
7643
6501
9347
5899
9824
6530
4007
2244
7685
1647
6672
10122
1763
10577
5423
6501
9347
5899
9824
5001
10369
6384
2625
4905
9539
6854
3744
6507
8817
7981
4905
9539
3744
6854
11216
8565
7310
3375
9756
1183
9608
360
6361
5240
1665
8464
11324
8185
5189
852
2869
8185
5189
6959
9149
2967
3371
6515
8531
2967
231
2579
10534
1360
995
3805
8226
8882
5252
704
5507
3391
10343
3349
9634
10343
3313
11020
7951
5587
6176
523
11073
4285
3209
7487
3313
11020
7951
5587
6176
523
11073
4285
10292
8586
6918
2616
2261
2194
510
4610
5786
5732
6607
6176
523
11073
4285
3209
8824
3758
8276
9488
11191
4756
7905
8031
7632
10292
8586
6918
2616
2261
2194
510
4610
5786
5732
6607
6176
523
11073
4285
3209
7487
3391
10343
3349
8681
6500
5268
8882
5252
704
5507
8681
6500
5268
8882
5252
704
5507
3391
10343
3313
11020
7951
4253
7749
3152
4512
5891
6046
8008
151
8662
4177
4270
10541
725
6615
8008
5086
6434
1141
99
9634
3349
10343
3313
11020
7951
4253
1024
5920
2140
7666
3635
5993
11102
3542
165
191
4049
191
2155
7814
6738
1374
5016
8300
4281
1670
5674
1374
11257
5016
1374
11257
7814
2155
4560
8342
11056
2901
3249
5037
9347
5899
9824
5001
1816
5250
2562
44
3122
5159
7545
6884
2326
4965
2326
10488
10905
5544
6038
614
5544
6038
8365
6141
480
2148
3731
2363
11230
9322
10728
7850
864
1180
8558
8714
1929
1431
7261
10031
10356
4878
6058
10315
4150
2580
1375
546
2450
9455
2429
7176
8945
2865
4150
2450
9455
632
7101
8032
2820
7941
4684
5210
7021
8823
1250
392
5329
6040
4995
569
8428
9708
4995
569
8428
9708
8285
5329
5200
847
9437
1220
8649
7441
9437
847
5200
8789
7824
9633
8337
5400
8022
10034
2609
7304
6134
9490
8198
7144
614
5544
9873
1755
3913
325
1490
6871
4281
1670
2825
6649
2825
7849
5715
6951
10212
9680
839
10571
2683
2458
10888
6714
495
1503
4311
10709
6771
6738
11188
5674
1374
11257
7814
2155
3579
7394
6224
4116
10888
2458
7505
8584
5446
8461
6981
5578
8536
6332
3581
8108
6981
5578
2379
8584
5446
10025
10571
839
9680
10212
4123
2837
1140
3618
9535
6129
1042
5011
2837
4906
5368
225
8889
8189
7658
1996
10088
7485
6585
5788
2952
390
10701
458
10576
916
8593
4633
7782
4571
1814
6665
8667
7851
3775
5837
11330
1153
3216
7851
3775
5837
5431
4288
1181
7907
4766
7960
2094
656
1126
7030
10154
1322
3775
5837
5431
4288
3330
9095
9327
196
2471
4278
2414
1422
10130
9850
3488
10915
5431
4288
3330
102
8336
9793
6648
4443
4520
6108
5426
1474
2689
9512
10609
9699
4827
9512
2689
5426
1474
7709
8351
4250
9886
11114
71
9994
8174
7381
9994
9146
5509
9146
6648
8316
2692
10975
2277
7532
3018
5550
4497
3419
3171
7138
3397
317
3130
11026
6745
6658
9924
3798
9392
5888
10697
9800
6745
6658
5126
6671
2246
2764
9823
8176
9823
2764
1473
159
2466
10382
4364
8246
1468
2289
8446
7046
4792
3094
6410
5249
5550
6105
8856
6483
7734
8826
1762
7734
8826
6356
2057
9021
10456
9283
6732
2068
9178
1583
5540
9753
8826
6356
2823
6258
186
7167
705
1936
3750
9486
8023
2783
5465
5425
10702
1469
8288
6419
8939
7696
7150
705
7734
1762
7167
4542
2237
3102
9395
5599
9395
7765
5196
1396
6445
7765
9395
11313
2823
6258
186
7167
705
1936
3750
9486
6391
9592
10540
9381
6391
9592
4497
3419
3171
1102
10492
10075
1473
159
9966
10419
3688
2246
2764
1473
159
2466
10382
4364
11015
1468
2289
8446
7046
3094
4288
2414
1422
6850
8174
11114
7381
71
4520
4443
6648
8316
2692
5132
2277
9761
8336
7120
6410
5249
3018
5550
6105
9486
8023
9381
10540
3419
3171
7138
9265
3397
317
1714
11026
6745
6658
9924
9392
1361
9785
331
156
4859
1369
7561
4859
1369
7561
490
10286
6941
6938
3531
5990
9588
6214
6938
9966
10419
10286
6354
9785
7355
6720
10179
10768
1332
8932
938
9412
7226
4884
8567
6799
6446
2727
6813
7775
10746
507
8566
1526
586
1644
9018
10386
9398
10607
11306
10247
9901
6014
8294
9750
5817
4345
7963
9530
11306
9530
242
6978
1633
10607
9398
11328
9901
2114
11238
6697
10012
9947
842
5772
7265
8734
10984
7775
6813
10984
8734
966
5758
6469
11280
7360
2802
10779
5212
6556
66
2424
9087
5212
6556
66
9671
837
4532
465
1526
9165
10374
8734
7265
6773
3610
5758
10984
8734
7265
2727
558
3610
5758
6469
558
3610
5758
6469
11280
7360
2802
6594
10667
6446
5772
7265
6773
966
5758
6469
11280
7360
2802
10779
7395
5053
8220
8702
2832
9378
4670
3095
4999
8531
5927
6959
9149
852
2869
5317
11324
8464
1665
4733
4463
10687
10473
2511
1818
47
7562
9619
1943
9619
720
8723
796
3751
6003
3587
1237
7241
10282
8770
10816
10934
132
8046
6959
5927
1110
5938
1027
8787
5197
6556
66
9671
6227
4154
11063
5197
7395
5053
10779
7395
5053
1683
11146
3675
9531
7417
967
3875
3003
8253
4428
9782
9057
9031
4709
2694
5537
7885
9476
8044
7652
10338
7917
3891
338
6273
10433
8011
10338
7917
8664
9531
7417
5803
11146
3675
9531
7417
8664
4593
4928
1858
3243
4680
2037
6103
6836
5182
536
2056
7349
7569
9190
1339
2021
6515
10792
6366
4670
3009
10918
9906
9312
2021
6366
9906
10918
2315
9499
7096
536
6836
7934
10994
7349
7569
9190
771
9872
7096
536
5182
7635
7096
536
2056
6654
1371
7569
9190
771
1371
7569
9190
771
9872
6654
9872
7096
536
5182
7635
9499
4680
7917
3891
8449
3875
3003
9782
4885
11122
4709
2694
5537
7885
9476
6103
33
3520
8020
6
2446
3723
547
1367
3113
2415
10530
3933
7815
8615
8420
3046
4626
5787
313
9723
137
5209
9069
3591
5959
4885
11122
9057
8449
5619
10133
967
3875
3003
8253
5209
8420
137
4401
7163
9696
1272
376
4092
4141
6707
3164
10990
376
4092
6576
474
1332
7291
9230
187
11099
5572
4187
6430
5572
6430
5790
5232
8057
2487
2537
4923
3795
8057
2487
1518
2075
6720
10179
331
156
3880
9214
9111
10768
1332
7291
1852
422
9412
7226
8548
5790
6430
5572
11099
4187
11099
187
5232
138
11238
8548
5790
5232
8057
2487
2537
91
2075
6720
10179
331
156
3880
4092
4141
9723
6338
1369
7561
1501
1669
6338
4092
4141
6707
3164
10990
1272
10990
3164
7163
9696
5438
8932
5416
7213
685
938
9412
7226
4884
8567
6799
4650
8567
6799
4650
6423
8548
5790
5232
8057
2487
1518
10768
1332
7291
9230
1518
2487
2537
91
9675
6268
8145
9764
10341
238
1072
9202
2577
238
1072
10668
5967
8194
9650
511
7166
7636
3766
2662
7091
1624
3824
5831
5568
3824
5831
2753
4074
10229
581
2753
4545
4490
9298
5967
8194
9650
511
1003
1160
7423
3016
10503
9392
5888
10697
10140
11320
1285
7836
2273
1106
4482
1170
10312
8034
2273
7836
9443
2152
4552
6997
10948
3130
10198
1285
7836
9443
2152
8061
6070
6060
4901
7975
10847
5457
7220
8414
5457
10847
1744
5646
3320
9765
2220
8431
8759
4736
6210
808
2658
7016
4082
5347
5140
10414
9426
10414
4367
10174
4661
2761
9426
10414
4367
3749
7672
153
7054
310
3055
10009
9502
1931
7724
9643
4444
10885
3194
7838
10170
1247
8973
11158
4452
11158
2932
4452
1247
10170
8492
1041
4097
4434
8367
2855
10691
9288
359
41
9665
11182
3636
10330
4617
2962
11239
3430
472
7753
11336
870
2101
8552
1177
10330
3636
1491
1952
11182
7668
5632
2448
8739
8552
1177
3636
10330
4617
2101
9157
5290
6705
2665
7493
9180
5290
6705
2665
7493
9180
975
8025
544
784
1373
9801
9932
5133
2693
2258
9932
7593
7065
2806
10194
8482
2095
1310
1687
8953
1330
8953
9257
7254
1730
154
8366
3481
9288
5283
8686
3644
2388
3716
10836
9156
25
1467
25
9156
10836
4947
9993
1491
7899
3028
4947
9993
1491
1952
1586
2557
9211
2459
5255
2459
3644
8686
9211
8686
4434
4097
2855
7724
1041
8492
5484
7838
5484
7235
10885
4444
9643
7724
1931
2266
7520
2469
4347
4426
11218
7520
154
7520
2469
5424
2266
8366
154
7520
11218
7742
11199
5554
11198
9257
7254
1730
2517
3481
9288
5283
8367
5283
41
2557
5255
9167
7799
9167
1586
9665
5675
7668
5632
8739
8552
1177
10330
4617
3430
472
7753
